4 6 8 10 11 12 13 14 15 16 17 18 19 20 21 22 23 24 25 26 27 28 29 30 31 32 33 34 35 36 37 38 39 40 41 42 43 44 45 
6 9 12 15 16 18 19 21 22 24 25 27 28 30 31 32 33 34 35 36 37 38 39 40 41 42 43 44 45 46 47 48 49 50 51 52 53 54 55 
8 12 16 20 21 24 26 28 30 31 33 34 36 37 39 40 42 43 45 46 48 49 51 52 54 55 57 58 60 61 62 63 64 65 66 67 68 69 70 
10 15 20 25 26 30 32 34 36 38 40 42 44 46 48 50 52 53 55 56 58 59 61 62 64 65 67 68 70 71 73 74 76 77 79 80 82 83 85 
12 18 24 30 31 36 38 41 43 46 48 51 53 55 57 59 61 63 65 67 69 71 73 75 76 78 79 81 82 84 85 87 88 90 91 93 94 96 97 
14 21 28 35 36 42 45 48 51 53 56 58 61 63 66 68 71 73 75 77 79 81 83 85 87 89 91 93 95 97 99 101 103 105 106 108 109 111 112 
16 24 32 40 41 47 51 54 58 61 64 67 70 72 75 77 80 82 85 87 90 92 94 96 98 100 102 104 106 108 110 112 114 116 118 120 122 124 126 
18 27 36 45 46 52 57 61 65 68 72 75 78 81 84 87 90 92 95 97 100 102 105 107 110 112 115 117 120 122 124 126 128 130 132 134 136 138 140 
20 30 40 50 51 57 63 68 72 76 79 83 86 90 93 96 99 102 105 108 111 113 116 118 121 123 126 128 131 133 136 138 141 143 146 148 151 153 155 
22 33 44 55 56 62 68 74 79 83 87 91 94 98 101 105 108 112 115 118 121 124 127 130 133 136 138 141 143 146 148 151 153 156 158 161 163 166 168 
24 36 48 60 61 67 74 81 86 90 95 99 103 107 111 114 118 121 125 128 132 135 138 141 144 147 150 153 156 159 162 165 167 170 172 175 177 180 182 
26 39 52 65 66 72 80 88 93 98 102 107 111 115 119 123 127 131 135 138 142 145 149 152 156 159 162 165 168 171 174 177 180 183 186 189 192 195 197 
28 42 56 70 71 77 86 95 100 105 110 115 119 124 128 133 137 141 145 149 152 156 159 163 166 170 173 177 180 184 187 190 193 196 199 202 205 208 211 
30 45 60 75 76 82 92 101 107 113 118 123 128 133 137 142 146 151 155 159 163 167 171 175 178 182 185 189 192 196 199 203 206 210 213 216 219 222 225 
32 48 64 80 81 87 98 107 114 120 126 131 136 141 146 151 156 160 165 169 173 177 181 185 189 193 197 201 205 208 212 215 219 222 226 229 233 236 240 
34 51 68 85 86 92 103 113 121 127 133 139 145 150 155 160 165 170 175 179 184 188 193 197 201 205 209 213 217 221 225 228 232 235 239 242 246 249 253 
36 54 72 90 91 97 109 119 128 135 141 147 153 159 164 170 175 180 185 190 194 199 203 208 212 217 221 225 229 233 237 241 245 249 253 257 260 264 267 
38 57 76 95 96 102 115 124 135 142 149 155 161 167 173 179 184 190 195 200 205 210 214 219 223 228 232 237 241 246 250 254 258 262 266 270 274 278 282 
40 60 80 100 101 107 121 130 142 150 157 163 170 176 182 188 194 199 205 210 215 220 225 230 235 240 244 249 253 258 262 267 271 275 279 283 287 291 295 
42 63 84 105 106 112 127 136 150 157 164 171 178 185 191 197 203 209 215 220 226 231 236 241 246 251 256 261 266 270 275 279 284 288 293 297 302 306 310 
44 66 88 110 111 117 133 142 156 165 172 179 186 193 200 206 213 219 225 231 236 242 247 253 258 263 268 273 278 283 288 292 297 301 306 310 315 319 324 
46 69 92 115 116 122 138 148 163 172 180 187 195 202 209 215 222 228 235 241 247 253 258 264 269 275 280 285 290 295 300 305 310 315 320 324 329 333 338 
48 72 96 120 121 127 144 154 170 179 188 196 203 211 218 225 232 238 245 251 257 263 269 275 281 286 292 297 303 308 313 318 323 328 333 338 343 348 352 
50 75 100 125 126 132 150 159 176 187 195 204 212 219 227 234 241 248 255 261 268 274 280 286 292 298 304 309 315 320 326 331 336 341 346 351 356 361 366 
52 78 104 130 131 137 156 165 183 194 203 212 220 228 236 243 251 258 265 271 278 284 291 297 303 309 315 321 327 333 338 344 349 355 360 365 370 375 380 
54 81 108 135 136 142 162 171 190 202 211 220 228 237 245 252 260 267 275 282 289 295 302 308 315 321 327 333 339 345 351 357 362 368 373 379 384 390 395 
56 84 112 140 141 147 168 177 196 208 219 228 237 245 254 262 270 277 285 292 299 306 313 320 326 333 339 345 351 357 363 369 375 381 387 392 398 403 409 
58 87 116 145 146 152 173 183 203 215 226 236 245 254 262 271 279 287 295 302 310 317 324 331 338 344 351 357 364 370 376 382 388 394 400 406 412 417 423 
60 90 120 150 151 157 178 189 210 222 234 244 253 262 271 280 288 297 305 312 320 327 335 342 349 356 363 369 376 382 389 395 401 407 413 419 425 431 437 
62 93 124 155 156 162 183 194 215 228 242 252 262 271 280 289 298 306 315 323 331 338 346 353 360 367 374 381 388 395 401 408 414 421 427 433 439 445 451 
64 96 128 160 161 167 188 200 221 235 250 260 270 280 289 298 307 316 325 333 341 349 357 364 372 379 386 393 400 407 414 421 427 434 440 447 453 459 465 
66 99 132 165 166 172 193 206 227 242 257 268 278 288 298 308 317 326 335 343 352 360 368 376 383 391 398 406 413 420 427 434 441 447 454 460 467 473 480 
68 102 136 170 171 177 198 212 233 248 265 276 287 297 307 317 326 336 345 353 362 370 379 387 395 402 410 417 425 432 439 446 453 460 467 474 480 487 493 
70 105 140 175 176 182 203 218 239 255 273 284 295 306 316 326 336 345 355 364 372 381 389 398 406 414 422 430 437 445 452 459 466 473 480 487 494 501 507 
72 108 144 180 181 187 208 224 245 262 280 292 304 315 325 335 345 355 365 374 383 392 400 409 417 426 434 442 450 457 465 472 480 487 494 501 508 515 522 
74 111 148 185 186 192 213 229 250 268 288 300 312 323 334 345 355 365 375 384 393 402 411 420 429 437 446 454 462 470 477 485 492 500 507 515 522 529 536 
76 114 152 190 191 197 218 235 256 275 296 308 320 332 343 354 364 375 385 394 404 413 422 431 440 449 457 466 474 482 490 498 506 513 521 528 536 543 550 
78 117 156 195 196 202 223 241 262 282 304 316 329 340 352 363 374 384 395 405 414 424 433 442 451 460 469 478 486 495 503 511 519 527 534 542 549 557 564 
80 120 160 200 201 207 228 247 268 288 310 325 337 349 361 372 383 394 405 415 425 435 444 454 463 472 481 490 498 507 515 524 532 540 548 556 563 571 578 
