0 6 8 10 12 14 16 18 20 22 24 26 28 30 32 34 35 36 38 40 41 43 44 46 47 49 50 51 52 0 0 0 0 0 0 0 0 0 0 
6 9 11 13 15 17 19 21 23 25 27 29 31 33 35 37 39 41 43 45 47 49 51 53 55 57 59 61 63 0 0 0 0 0 0 0 0 0 0 
8 12 14 17 20 22 25 28 30 33 36 38 40 42 44 46 48 50 52 54 56 58 60 62 64 66 68 70 72 0 0 0 0 0 0 0 0 0 0 
10 15 17 21 25 27 30 33 36 39 42 44 47 50 52 55 58 60 63 66 68 71 74 76 79 82 84 87 90 0 0 0 0 0 0 0 0 0 0 
12 18 20 25 30 32 35 39 42 46 50 52 56 60 62 65 68 70 73 76 78 81 84 86 89 92 94 97 100 0 0 0 0 0 0 0 0 0 0 
14 21 23 28 33 37 40 44 48 52 56 59 63 66 70 73 77 80 83 87 90 93 96 98 101 104 107 110 113 0 0 0 0 0 0 0 0 0 0 
16 24 26 32 37 42 45 50 54 59 64 67 70 74 78 82 85 89 92 96 100 103 107 110 113 116 120 123 127 0 0 0 0 0 0 0 0 0 0 
18 27 29 36 41 46 50 56 60 66 72 75 78 82 86 90 94 99 103 107 112 115 120 123 127 130 133 137 140 0 0 0 0 0 0 0 0 0 0 
20 30 32 40 45 51 55 61 66 72 78 82 86 90 94 99 103 107 111 116 120 125 130 135 140 142 146 149 152 0 0 0 0 0 0 0 0 0 0 
22 33 35 43 48 55 60 66 72 78 84 89 94 99 103 107 112 116 121 126 130 135 140 145 150 154 158 162 166 0 0 0 0 0 0 0 0 0 0 
24 36 38 46 52 60 65 72 78 84 90 96 102 108 112 116 122 126 131 136 141 146 152 157 162 168 172 176 181 0 0 0 0 0 0 0 0 0 0 
26 39 41 49 56 64 70 77 83 89 96 102 108 114 119 124 130 135 141 147 151 156 162 168 174 180 185 190 196 0 0 0 0 0 0 0 0 0 0 
28 42 44 52 60 68 75 82 89 95 102 108 114 120 126 132 138 144 150 155 161 168 174 180 186 192 198 204 210 0 0 0 0 0 0 0 0 0 0 
30 45 47 55 63 72 79 86 94 100 108 114 121 128 135 140 147 153 160 165 171 177 184 190 197 204 211 218 225 0 0 0 0 0 0 0 0 0 0 
32 48 50 58 67 76 83 91 100 106 114 120 128 136 144 148 155 162 169 175 182 188 194 200 208 216 224 232 240 0 0 0 0 0 0 0 0 0 0 
34 51 53 61 71 80 88 96 105 112 120 126 134 142 150 156 163 171 178 185 193 199 204 210 218 226 234 242 250 0 0 0 0 0 0 0 0 0 0 
36 54 56 64 75 84 92 101 110 118 126 132 140 148 156 163 172 180 188 195 204 210 216 222 228 236 244 252 260 0 0 0 0 0 0 0 0 0 0 
38 57 59 67 78 88 97 106 116 124 133 139 146 154 162 171 180 188 197 205 214 221 228 232 238 246 254 262 270 0 0 0 0 0 0 0 0 0 0 
40 60 62 70 82 92 101 111 122 130 140 146 153 160 169 178 188 197 206 215 224 232 240 244 248 256 264 272 280 0 0 0 0 0 0 0 0 0 0 
42 63 65 73 86 96 105 115 127 134 144 152 159 167 175 185 195 205 215 225 234 243 252 256 260 266 274 282 290 0 0 0 0 0 0 0 0 0 0 
44 66 68 76 90 100 110 120 132 140 149 159 166 174 182 193 204 214 224 234 244 254 264 268 272 276 284 292 300 0 0 0 0 0 0 0 0 0 0 
46 69 71 79 93 103 114 124 137 145 154 165 172 180 189 200 211 221 232 243 254 265 276 280 284 288 294 302 310 0 0 0 0 0 0 0 0 0 0 
48 72 74 82 97 107 118 129 142 150 160 171 178 186 195 206 218 228 240 252 264 276 288 292 296 300 305 312 320 0 0 0 0 0 0 0 0 0 0 
50 75 77 85 101 111 122 133 146 156 166 177 185 193 202 212 224 234 246 258 270 282 294 299 304 309 315 321 330 0 0 0 0 0 0 0 0 0 0 
52 78 80 88 105 115 126 138 151 161 172 183 192 200 208 218 230 240 252 264 276 288 300 306 312 318 324 330 340 0 0 0 0 0 0 0 0 0 0 
54 81 83 91 108 118 130 142 155 166 178 189 199 207 215 224 236 246 258 270 282 294 306 313 320 327 333 340 350 0 0 0 0 0 0 0 0 0 0 
56 84 86 94 112 122 134 147 160 171 184 195 206 214 222 231 242 252 264 276 288 300 312 321 329 336 342 350 360 0 0 0 0 0 0 0 0 0 0 
58 87 89 97 116 126 138 152 165 176 189 201 213 221 229 238 248 259 271 283 295 307 319 329 338 345 351 359 369 0 0 0 0 0 0 0 0 0 0 
60 90 92 100 120 130 142 157 169 181 195 207 220 228 236 245 254 266 278 290 302 314 326 336 346 354 360 369 378 0 0 0 0 0 0 0 0 0 0 
0 0 0 0 0 0 0 0 0 0 0 0 0 0 0 0 0 0 0 0 0 0 0 0 0 0 0 0 0 0 0 0 0 0 0 0 0 0 0 
0 0 0 0 0 0 0 0 0 0 0 0 0 0 0 0 0 0 0 0 0 0 0 0 0 0 0 0 0 0 0 0 0 0 0 0 0 0 0 
0 0 0 0 0 0 0 0 0 0 0 0 0 0 0 0 0 0 0 0 0 0 0 0 0 0 0 0 0 0 0 0 0 0 0 0 0 0 0 
0 0 0 0 0 0 0 0 0 0 0 0 0 0 0 0 0 0 0 0 0 0 0 0 0 0 0 0 0 0 0 0 0 0 0 0 0 0 0 
0 0 0 0 0 0 0 0 0 0 0 0 0 0 0 0 0 0 0 0 0 0 0 0 0 0 0 0 0 0 0 0 0 0 0 0 0 0 0 
0 0 0 0 0 0 0 0 0 0 0 0 0 0 0 0 0 0 0 0 0 0 0 0 0 0 0 0 0 0 0 0 0 0 0 0 0 0 0 
0 0 0 0 0 0 0 0 0 0 0 0 0 0 0 0 0 0 0 0 0 0 0 0 0 0 0 0 0 0 0 0 0 0 0 0 0 0 0 
0 0 0 0 0 0 0 0 0 0 0 0 0 0 0 0 0 0 0 0 0 0 0 0 0 0 0 0 0 0 0 0 0 0 0 0 0 0 0 
0 0 0 0 0 0 0 0 0 0 0 0 0 0 0 0 0 0 0 0 0 0 0 0 0 0 0 0 0 0 0 0 0 0 0 0 0 0 0 
0 0 0 0 0 0 0 0 0 0 0 0 0 0 0 0 0 0 0 0 0 0 0 0 0 0 0 0 0 0 0 0 0 0 0 0 0 0 0 
