4 6 8 10 12 14 16 18 20 22 24 26 28 30 32 34 36 38 40 42 44 46 48 50 52 54 56 58 60 62 64 66 68 70 72 74 76 78 80 
6 9 12 15 18 21 24 27 30 33 36 39 42 45 48 51 54 57 60 63 66 69 72 75 78 81 84 87 90 93 96 99 102 105 108 111 114 117 120 
8 12 16 20 23 26 29 32 35 38 41 44 47 50 53 56 59 62 65 68 71 74 77 80 83 86 89 92 95 98 101 104 107 110 113 116 119 122 125 
10 15 20 25 28 32 36 40 43 47 51 55 58 62 66 70 73 77 81 85 88 92 96 100 103 106 109 112 115 118 121 124 127 130 133 136 139 142 145 
12 18 24 30 33 38 43 48 52 57 61 66 70 75 78 82 86 90 93 97 101 105 108 112 116 120 123 127 131 135 138 142 146 150 153 157 161 165 168 
14 21 28 35 38 44 50 56 61 66 71 76 80 85 89 94 98 103 107 112 116 121 125 130 134 139 143 148 152 157 161 166 170 175 178 182 186 190 193 
16 24 32 40 43 50 57 64 70 75 80 85 91 96 101 106 112 117 122 127 133 138 143 147 152 156 161 165 170 174 179 183 188 192 197 201 206 210 215 
18 27 36 45 48 56 64 72 78 84 90 96 102 108 114 120 126 131 136 141 147 152 157 162 168 173 178 183 189 194 199 204 210 215 220 225 231 236 241 
20 30 40 50 53 61 70 78 86 93 99 106 113 120 126 132 138 144 150 156 162 168 174 180 186 192 198 204 210 215 220 225 231 236 241 246 252 257 262 
22 33 44 55 58 67 77 85 93 102 109 117 123 130 137 144 150 157 164 171 177 184 191 197 203 209 215 221 227 233 239 245 251 257 263 269 275 281 287 
24 36 48 60 63 73 84 92 101 111 119 126 134 141 149 156 164 171 179 185 192 199 206 212 219 226 233 239 246 253 260 266 273 280 286 292 298 304 310 
26 39 52 65 68 79 89 98 108 119 128 137 145 153 161 170 177 185 192 200 207 215 222 230 237 245 252 259 266 273 279 286 293 300 306 313 320 327 333 
28 42 56 70 73 85 95 105 116 127 138 147 156 165 173 181 190 198 206 214 223 231 239 247 254 262 269 277 284 292 299 307 314 322 329 337 344 352 359 
30 45 60 75 78 91 101 112 123 136 147 157 167 176 185 194 203 212 221 230 238 246 254 263 271 279 287 296 304 312 320 328 336 343 351 358 366 373 381 
32 48 64 80 83 96 107 118 131 144 155 167 177 187 197 207 216 226 235 244 253 262 271 280 289 298 306 315 323 331 339 348 356 364 372 381 389 397 405 
34 51 68 85 88 102 113 125 138 152 163 176 188 199 209 219 229 239 249 258 268 278 288 297 306 315 324 333 342 351 360 369 378 387 396 404 412 420 429 
36 54 72 90 93 108 119 132 146 159 172 185 199 210 221 231 242 252 263 273 284 293 303 313 323 332 342 352 362 371 380 389 398 407 416 425 434 443 452 
38 57 76 95 98 114 124 138 153 167 180 194 209 221 233 244 255 266 277 288 298 309 319 330 340 351 361 370 380 390 400 409 419 429 439 448 458 468 477 
40 60 80 100 103 120 130 145 161 174 188 203 219 232 245 257 269 280 291 302 314 325 336 347 357 368 378 389 399 410 420 431 441 451 461 470 480 490 500 
42 63 84 105 108 126 136 152 168 182 197 212 228 242 257 269 281 293 305 317 329 340 352 363 374 385 397 408 419 430 440 451 461 472 482 493 503 514 524 
44 66 88 110 113 131 142 158 176 189 205 222 237 252 268 282 294 307 320 332 344 356 368 380 392 404 415 426 437 449 460 471 482 494 505 516 526 537 547 
46 69 92 115 118 136 148 165 183 197 213 231 246 262 279 294 308 321 334 346 359 372 385 397 409 421 433 445 457 469 481 492 504 515 526 537 549 560 571 
48 72 96 120 123 141 154 172 190 204 222 240 255 272 290 306 321 334 348 361 375 388 400 413 426 439 451 464 476 488 500 512 524 536 548 560 572 584 595 
50 75 100 125 128 146 159 178 196 212 230 249 264 282 301 317 334 348 362 376 390 403 417 430 444 457 469 482 495 508 520 533 546 559 571 583 595 607 619 
52 78 104 130 133 151 165 185 203 219 238 257 274 292 312 328 346 362 376 390 405 419 433 447 460 474 487 501 514 528 541 554 566 579 592 605 617 630 643 
54 81 108 135 138 156 171 192 210 227 247 265 283 302 322 339 358 375 390 405 420 435 449 463 478 492 506 520 534 547 561 574 588 601 615 628 641 653 666 
56 84 112 140 143 161 177 198 216 234 255 274 292 312 332 350 369 389 404 420 435 450 465 480 495 510 524 538 552 567 581 595 609 623 636 650 663 677 690 
58 87 116 145 148 166 183 205 223 242 263 282 301 322 342 361 381 401 419 434 450 466 482 497 512 527 542 557 572 587 601 615 630 644 658 672 687 701 714 
60 90 120 150 153 171 189 212 230 249 272 290 310 332 352 371 393 413 433 449 466 482 498 513 529 545 561 576 591 606 621 636 651 666 680 695 709 723 737 
62 93 124 155 158 176 194 218 236 257 280 299 319 342 362 382 404 424 445 464 481 497 514 530 547 563 579 594 610 626 642 657 672 687 702 717 732 747 762 
64 96 128 160 163 181 200 225 243 264 288 307 329 352 372 393 416 436 458 479 496 513 530 547 564 580 597 613 630 645 661 677 693 708 724 740 755 770 785 
66 99 132 165 168 186 206 232 250 272 297 315 338 362 382 404 427 448 470 493 511 529 546 564 581 598 615 632 648 665 681 698 714 730 746 762 777 793 809 
68 102 136 170 173 191 212 238 256 279 304 324 347 371 392 415 438 459 483 506 526 544 562 580 598 616 633 650 668 685 702 718 735 751 768 784 801 817 833 
70 105 140 175 178 196 218 245 263 287 312 332 356 380 402 426 449 471 495 518 541 560 579 597 615 633 651 669 687 704 722 739 756 773 790 807 823 840 856 
72 108 144 180 183 201 224 252 270 294 319 340 365 389 412 436 460 483 508 531 554 576 595 614 633 651 670 688 706 724 742 760 777 795 812 829 846 864 881 
74 111 148 185 188 206 229 257 276 302 327 349 374 398 422 447 471 494 520 543 567 592 611 631 650 669 688 706 725 744 762 780 798 816 834 852 869 887 904 
76 114 152 190 193 211 235 263 283 309 334 357 384 407 432 458 481 506 533 556 581 607 627 647 667 686 706 725 744 763 782 801 819 838 856 874 892 910 928 
78 117 156 195 198 216 241 269 290 317 342 365 393 417 442 469 492 518 545 568 594 620 644 664 684 704 724 744 763 783 802 821 840 859 878 896 915 934 952 
80 120 160 200 203 221 247 275 296 324 349 374 402 426 452 480 503 529 557 581 607 634 659 681 702 722 742 763 783 803 822 842 861 881 900 919 938 957 975 
