0 6 8 10 12 14 16 18 20 22 24 26 28 30 32 34 36 38 40 42 44 46 48 50 52 54 56 58 59 0 0 0 0 0 0 0 0 0 0 
6 9 12 15 18 21 24 27 30 33 36 39 42 45 48 51 54 57 60 63 66 69 72 75 78 81 84 86 88 0 0 0 0 0 0 0 0 0 0 
8 12 16 19 22 25 28 31 34 37 40 43 46 49 52 55 58 61 64 67 70 73 76 79 82 85 88 91 94 0 0 0 0 0 0 0 0 0 0 
10 15 20 23 27 31 35 38 42 46 50 53 57 61 65 68 72 76 80 83 86 89 92 95 98 101 104 107 110 0 0 0 0 0 0 0 0 0 0 
12 18 24 27 32 37 42 45 50 55 60 63 67 71 75 78 82 86 90 93 97 101 105 108 112 116 120 123 127 0 0 0 0 0 0 0 0 0 0 
14 21 28 31 37 43 49 52 57 62 67 71 76 81 85 90 94 99 103 108 112 116 120 124 128 132 136 140 144 0 0 0 0 0 0 0 0 0 0 
16 24 32 35 42 49 56 59 64 69 75 80 86 91 96 101 106 111 116 121 126 131 136 140 145 148 152 157 162 0 0 0 0 0 0 0 0 0 0 
18 27 36 39 46 53 60 66 71 77 83 88 94 100 105 111 117 121 127 132 138 142 148 153 158 163 168 173 178 0 0 0 0 0 0 0 0 0 0 
20 30 40 43 51 58 65 72 78 85 91 97 103 110 116 122 129 133 139 145 151 155 161 167 172 177 183 189 194 0 0 0 0 0 0 0 0 0 0 
22 33 44 47 56 63 71 78 85 92 99 106 113 120 127 134 141 146 151 157 163 168 174 180 186 192 198 205 211 0 0 0 0 0 0 0 0 0 0 
24 36 48 51 61 68 76 84 92 100 108 115 123 128 136 143 150 156 163 168 174 181 187 193 199 206 212 218 224 0 0 0 0 0 0 0 0 0 0 
26 39 52 55 66 73 82 90 99 108 116 124 133 138 146 153 161 167 173 180 186 193 199 206 212 219 226 232 238 0 0 0 0 0 0 0 0 0 0 
28 42 56 59 70 78 88 96 106 116 124 133 143 148 157 164 172 178 185 192 198 205 212 219 225 232 240 246 253 0 0 0 0 0 0 0 0 0 0 
30 45 60 63 75 83 93 102 111 121 132 139 149 156 166 173 181 188 196 203 210 217 224 232 239 247 254 261 268 0 0 0 0 0 0 0 0 0 0 
32 48 64 67 80 88 99 108 118 128 138 148 158 166 177 183 191 198 206 214 222 230 237 244 252 260 268 275 283 0 0 0 0 0 0 0 0 0 0 
34 51 68 71 85 93 105 114 125 135 145 156 166 174 185 192 200 209 217 225 233 241 249 257 265 273 282 290 297 0 0 0 0 0 0 0 0 0 0 
36 54 72 75 90 98 111 120 131 142 152 163 174 183 193 201 209 219 227 236 244 253 262 270 278 286 295 303 311 0 0 0 0 0 0 0 0 0 0 
38 57 76 79 94 103 116 126 138 149 160 171 182 192 201 210 219 228 238 247 256 265 274 282 291 299 308 317 325 0 0 0 0 0 0 0 0 0 0 
40 60 80 83 98 108 122 132 144 156 166 178 190 199 209 219 228 237 248 257 266 276 286 295 303 313 322 331 340 0 0 0 0 0 0 0 0 0 0 
42 63 84 87 102 113 128 138 150 163 174 185 197 208 218 227 237 247 258 268 278 288 297 307 316 325 335 345 354 0 0 0 0 0 0 0 0 0 0 
44 66 88 91 106 118 134 144 157 169 181 193 204 216 227 236 246 257 268 279 288 299 310 319 329 339 349 358 368 0 0 0 0 0 0 0 0 0 0 
46 69 92 95 110 123 140 150 163 176 188 200 212 225 236 245 256 267 278 289 299 310 321 331 342 352 362 372 381 0 0 0 0 0 0 0 0 0 0 
48 72 96 99 114 127 144 156 169 183 196 208 220 232 244 254 266 277 288 299 310 321 332 343 354 365 375 385 395 0 0 0 0 0 0 0 0 0 0 
50 75 100 103 118 132 150 161 175 189 204 216 228 239 252 263 275 286 298 310 321 332 344 354 366 377 388 398 409 0 0 0 0 0 0 0 0 0 0 
52 78 104 107 122 137 156 167 182 196 212 224 236 247 260 272 285 296 308 320 332 343 355 366 378 389 400 411 422 0 0 0 0 0 0 0 0 0 0 
54 81 108 111 126 142 162 173 188 203 220 232 244 255 269 281 294 305 318 330 342 355 366 378 391 403 413 424 435 0 0 0 0 0 0 0 0 0 0 
56 84 112 115 130 147 168 179 194 210 228 240 252 263 277 290 303 315 328 340 353 366 377 390 403 415 426 438 449 0 0 0 0 0 0 0 0 0 0 
58 87 116 119 134 151 172 185 200 217 236 248 260 271 286 298 312 325 338 350 363 376 388 401 414 427 439 450 462 0 0 0 0 0 0 0 0 0 0 
60 90 120 123 138 156 177 191 206 224 244 256 268 279 294 307 321 334 348 360 373 386 399 412 426 439 451 463 475 0 0 0 0 0 0 0 0 0 0 
0 0 0 0 0 0 0 0 0 0 0 0 0 0 0 0 0 0 0 0 0 0 0 0 0 0 0 0 0 0 0 0 0 0 0 0 0 0 0 
0 0 0 0 0 0 0 0 0 0 0 0 0 0 0 0 0 0 0 0 0 0 0 0 0 0 0 0 0 0 0 0 0 0 0 0 0 0 0 
0 0 0 0 0 0 0 0 0 0 0 0 0 0 0 0 0 0 0 0 0 0 0 0 0 0 0 0 0 0 0 0 0 0 0 0 0 0 0 
0 0 0 0 0 0 0 0 0 0 0 0 0 0 0 0 0 0 0 0 0 0 0 0 0 0 0 0 0 0 0 0 0 0 0 0 0 0 0 
0 0 0 0 0 0 0 0 0 0 0 0 0 0 0 0 0 0 0 0 0 0 0 0 0 0 0 0 0 0 0 0 0 0 0 0 0 0 0 
0 0 0 0 0 0 0 0 0 0 0 0 0 0 0 0 0 0 0 0 0 0 0 0 0 0 0 0 0 0 0 0 0 0 0 0 0 0 0 
0 0 0 0 0 0 0 0 0 0 0 0 0 0 0 0 0 0 0 0 0 0 0 0 0 0 0 0 0 0 0 0 0 0 0 0 0 0 0 
0 0 0 0 0 0 0 0 0 0 0 0 0 0 0 0 0 0 0 0 0 0 0 0 0 0 0 0 0 0 0 0 0 0 0 0 0 0 0 
0 0 0 0 0 0 0 0 0 0 0 0 0 0 0 0 0 0 0 0 0 0 0 0 0 0 0 0 0 0 0 0 0 0 0 0 0 0 0 
0 0 0 0 0 0 0 0 0 0 0 0 0 0 0 0 0 0 0 0 0 0 0 0 0 0 0 0 0 0 0 0 0 0 0 0 0 0 0 
