10 10 10 10 10 10 10 10 10 10 10 10 10 10 10 10 10 10 10 10 10 10 10 10 10 10 10 10 10 10 10 10 10 10 10 10 10 10 10
0 15 15 15 15 15 15 15 15 15 15 15 15 15 15 15 15 15 15 15 15 15 15 15 15 15 15 15 15 15 15 15 15 15 15 15 15 15 15
0 0 20 20 20 20 20 20 20 20 20 20 20 20 20 20 20 20 20 20 20 20 20 20 20 20 20 20 20 20 20 20 20 20 20 20 20 20 20
0 0 0 24 28 32 36 40 44 48 52 56 60 64 68 72 76 80 84 88 92 96 100 104 108 112 116 120 124 128 132 136 140 144 148 152 156 160 164
0 0 0 0 33 38 43 48 52 57 62 67 72 76 81 86 91 96 100 105 110 115 120 124 128 132 136 140 144 148 152 156 160 164 168 172 176 180 184
0 0 0 0 0 44 50 56 60 66 72 78 84 88 92 96 101 108 112 117 122 127 132 136 141 146 151 156 160 165 170 175 180 184 189 194 199 204 208
0 0 0 0 0 0 57 64 68 74 80 86 92 97 103 109 115 121 126 132 138 143 149 154 160 166 171 177 182 188 194 199 205 210 216 222 227 232 236
0 0 0 0 0 0 0 72 76 82 88 95 101 108 114 121 128 135 141 147 153 159 168 173 179 184 190 196 201 207 212 218 224 229 235 240 246 252 257
0 0 0 0 0 0 0 0 84 90 97 104 110 117 124 131 138 149 156 163 169 176 182 188 195 201 208 214 220 227 233 240 246 252 259 265 272 278 284
0 0 0 0 0 0 0 0 0 98 106 113 120 127 135 142 150 162 170 177 184 192 199 206 213 220 228 235 242 249 256 264 270 276 283 289 296 302 308
0 0 0 0 0 0 0 0 0 0 114 122 130 138 146 154 163 176 185 192 200 207 217 225 232 239 246 254 261 268 275 282 290 297 304 311 318 326 333
0 0 0 0 0 0 0 0 0 0 0 132 140 149 156 165 174 191 199 208 216 224 232 240 248 256 264 272 280 288 296 304 312 320 328 336 344 352 360
0 0 0 0 0 0 0 0 0 0 0 0 150 160 168 177 187 204 213 222 231 240 249 258 266 275 284 293 302 310 319 327 335 343 351 359 367 375 383
0 0 0 0 0 0 0 0 0 0 0 0 0 171 180 189 200 217 227 237 247 256 266 276 286 294 303 312 321 330 338 347 356 365 374 382 391 400 409
0 0 0 0 0 0 0 0 0 0 0 0 0 0 192 201 212 232 242 252 263 273 283 292 302 312 321 331 340 350 360 369 379 388 398 408 417 426 435
0 0 0 0 0 0 0 0 0 0 0 0 0 0 0 213 225 247 258 268 278 289 299 310 320 330 341 351 362 372 382 391 401 411 420 430 439 449 459
0 0 0 0 0 0 0 0 0 0 0 0 0 0 0 0 238 260 271 283 294 305 316 327 339 350 360 370 381 391 402 412 422 433 443 454 464 474 485
0 0 0 0 0 0 0 0 0 0 0 0 0 0 0 0 0 274 286 298 310 322 333 345 356 367 378 389 401 412 423 434 445 457 468 478 489 499 509
0 0 0 0 0 0 0 0 0 0 0 0 0 0 0 0 0 0 301 313 325 337 349 361 373 385 397 409 421 433 445 456 467 478 489 501 512 523 534
0 0 0 0 0 0 0 0 0 0 0 0 0 0 0 0 0 0 0 328 341 354 366 379 392 405 417 429 441 453 465 477 489 501 513 525 537 549 561
0 0 0 0 0 0 0 0 0 0 0 0 0 0 0 0 0 0 0 0 357 370 384 397 409 422 435 448 461 473 486 499 512 525 537 549 561 573 585
0 0 0 0 0 0 0 0 0 0 0 0 0 0 0 0 0 0 0 0 0 386 400 413 427 441 454 468 481 495 508 521 533 546 559 572 585 597 610
0 0 0 0 0 0 0 0 0 0 0 0 0 0 0 0 0 0 0 0 0 0 417 431 445 460 474 487 501 515 528 542 555 569 583 596 610 623 636
0 0 0 0 0 0 0 0 0 0 0 0 0 0 0 0 0 0 0 0 0 0 0 449 463 478 492 506 521 535 550 564 578 592 606 619 633 647 660
0 0 0 0 0 0 0 0 0 0 0 0 0 0 0 0 0 0 0 0 0 0 0 0 481 496 511 526 541 556 571 585 600 614 628 643 657 672 686
0 0 0 0 0 0 0 0 0 0 0 0 0 0 0 0 0 0 0 0 0 0 0 0 0 515 531 546 561 576 591 607 622 637 652 667 682 697 711
0 0 0 0 0 0 0 0 0 0 0 0 0 0 0 0 0 0 0 0 0 0 0 0 0 0 549 565 581 597 613 629 645 660 675 690 706 721 736
0 0 0 0 0 0 0 0 0 0 0 0 0 0 0 0 0 0 0 0 0 0 0 0 0 0 0 585 602 618 634 650 666 682 698 714 730 746 762
0 0 0 0 0 0 0 0 0 0 0 0 0 0 0 0 0 0 0 0 0 0 0 0 0 0 0 0 621 638 655 672 688 705 722 739 755 771 787
0 0 0 0 0 0 0 0 0 0 0 0 0 0 0 0 0 0 0 0 0 0 0 0 0 0 0 0 0 659 676 694 711 728 745 761 778 795 812
0 0 0 0 0 0 0 0 0 0 0 0 0 0 0 0 0 0 0 0 0 0 0 0 0 0 0 0 0 0 697 715 732 750 768 785 803 820 838
0 0 0 0 0 0 0 0 0 0 0 0 0 0 0 0 0 0 0 0 0 0 0 0 0 0 0 0 0 0 0 736 755 773 792 809 827 845 862
0 0 0 0 0 0 0 0 0 0 0 0 0 0 0 0 0 0 0 0 0 0 0 0 0 0 0 0 0 0 0 0 777 796 814 832 851 869 888
0 0 0 0 0 0 0 0 0 0 0 0 0 0 0 0 0 0 0 0 0 0 0 0 0 0 0 0 0 0 0 0 0 818 837 857 876 895 913
0 0 0 0 0 0 0 0 0 0 0 0 0 0 0 0 0 0 0 0 0 0 0 0 0 0 0 0 0 0 0 0 0 0 861 880 899 919 938
0 0 0 0 0 0 0 0 0 0 0 0 0 0 0 0 0 0 0 0 0 0 0 0 0 0 0 0 0 0 0 0 0 0 0 904 924 944 964
0 0 0 0 0 0 0 0 0 0 0 0 0 0 0 0 0 0 0 0 0 0 0 0 0 0 0 0 0 0 0 0 0 0 0 0 948 968 988
0 0 0 0 0 0 0 0 0 0 0 0 0 0 0 0 0 0 0 0 0 0 0 0 0 0 0 0 0 0 0 0 0 0 0 0 0 993 1014
0 0 0 0 0 0 0 0 0 0 0 0 0 0 0 0 0 0 0 0 0 0 0 0 0 0 0 0 0 0 0 0 0 0 0 0 0 0 1040
