4 6 8 10 12 14 16 18 20 22 24 26 28 30 32 34 36 38 40 42 44 46 48 50 52 54 56 58 60 0 0 0 0 0 0 0 0 0 0 
0 8 10 12 14 16 18 20 22 24 26 28 30 32 34 36 38 40 42 44 46 48 50 52 54 56 58 60 62 0 0 0 0 0 0 0 0 0 0 
0 0 13 16 18 21 24 26 28 30 32 34 36 38 40 42 44 46 48 50 52 54 56 58 60 62 64 66 68 0 0 0 0 0 0 0 0 0 0 
0 0 0 20 22 25 28 30 33 36 38 41 44 46 49 52 54 57 60 62 64 66 68 70 72 74 76 78 80 0 0 0 0 0 0 0 0 0 0 
0 0 0 0 26 29 32 36 39 42 45 48 50 53 56 58 61 64 66 69 72 74 77 80 82 85 88 90 93 0 0 0 0 0 0 0 0 0 0 
0 0 0 0 0 33 37 40 44 47 50 53 56 59 62 66 69 72 75 78 81 84 87 90 92 95 98 100 103 0 0 0 0 0 0 0 0 0 0 
0 0 0 0 0 0 42 45 50 53 57 59 64 67 70 73 77 80 84 87 90 93 97 100 104 108 112 114 117 0 0 0 0 0 0 0 0 0 0 
0 0 0 0 0 0 0 49 54 59 64 67 70 73 77 80 84 88 92 96 100 103 106 108 111 115 120 122 125 0 0 0 0 0 0 0 0 0 0 
0 0 0 0 0 0 0 0 60 64 68 71 76 79 84 88 92 96 100 104 106 110 114 118 122 124 127 130 133 0 0 0 0 0 0 0 0 0 0 
0 0 0 0 0 0 0 0 0 69 74 80 84 88 92 95 98 102 104 110 113 117 126 130 133 136 139 141 146 0 0 0 0 0 0 0 0 0 0 
0 0 0 0 0 0 0 0 0 0 80 86 91 96 99 102 105 108 111 115 120 124 138 141 144 147 151 154 157 0 0 0 0 0 0 0 0 0 0 
0 0 0 0 0 0 0 0 0 0 0 92 98 104 107 110 114 117 121 124 128 132 144 148 152 156 159 162 165 0 0 0 0 0 0 0 0 0 0 
0 0 0 0 0 0 0 0 0 0 0 0 105 112 115 118 122 125 128 132 135 139 150 153 159 163 166 169 173 0 0 0 0 0 0 0 0 0 0 
0 0 0 0 0 0 0 0 0 0 0 0 0 120 123 126 132 135 138 140 143 147 155 156 164 167 170 175 178 0 0 0 0 0 0 0 0 0 0 
0 0 0 0 0 0 0 0 0 0 0 0 0 0 127 131 135 138 143 146 149 154 159 163 170 176 179 183 187 0 0 0 0 0 0 0 0 0 0 
0 0 0 0 0 0 0 0 0 0 0 0 0 0 0 137 141 146 150 153 157 160 166 171 176 181 185 191 195 0 0 0 0 0 0 0 0 0 0 
0 0 0 0 0 0 0 0 0 0 0 0 0 0 0 0 145 150 154 159 163 167 173 178 183 189 193 199 204 0 0 0 0 0 0 0 0 0 0 
0 0 0 0 0 0 0 0 0 0 0 0 0 0 0 0 0 155 159 163 169 175 180 186 191 196 202 207 212 0 0 0 0 0 0 0 0 0 0 
0 0 0 0 0 0 0 0 0 0 0 0 0 0 0 0 0 0 164 169 176 182 187 193 200 204 211 216 220 0 0 0 0 0 0 0 0 0 0 
0 0 0 0 0 0 0 0 0 0 0 0 0 0 0 0 0 0 0 176 182 188 194 202 206 212 219 224 229 0 0 0 0 0 0 0 0 0 0 
0 0 0 0 0 0 0 0 0 0 0 0 0 0 0 0 0 0 0 0 189 195 200 207 213 219 225 231 236 0 0 0 0 0 0 0 0 0 0 
0 0 0 0 0 0 0 0 0 0 0 0 0 0 0 0 0 0 0 0 0 202 211 214 221 226 232 239 245 0 0 0 0 0 0 0 0 0 0 
0 0 0 0 0 0 0 0 0 0 0 0 0 0 0 0 0 0 0 0 0 0 216 221 227 234 240 247 253 0 0 0 0 0 0 0 0 0 0 
0 0 0 0 0 0 0 0 0 0 0 0 0 0 0 0 0 0 0 0 0 0 0 229 235 242 249 255 260 0 0 0 0 0 0 0 0 0 0 
0 0 0 0 0 0 0 0 0 0 0 0 0 0 0 0 0 0 0 0 0 0 0 0 242 248 255 262 269 0 0 0 0 0 0 0 0 0 0 
0 0 0 0 0 0 0 0 0 0 0 0 0 0 0 0 0 0 0 0 0 0 0 0 0 256 263 270 276 0 0 0 0 0 0 0 0 0 0 
0 0 0 0 0 0 0 0 0 0 0 0 0 0 0 0 0 0 0 0 0 0 0 0 0 0 269 277 284 0 0 0 0 0 0 0 0 0 0 
0 0 0 0 0 0 0 0 0 0 0 0 0 0 0 0 0 0 0 0 0 0 0 0 0 0 0 285 292 0 0 0 0 0 0 0 0 0 0 
0 0 0 0 0 0 0 0 0 0 0 0 0 0 0 0 0 0 0 0 0 0 0 0 0 0 0 0 299 0 0 0 0 0 0 0 0 0 0 
0 0 0 0 0 0 0 0 0 0 0 0 0 0 0 0 0 0 0 0 0 0 0 0 0 0 0 0 0 0 0 0 0 0 0 0 0 0 0 
0 0 0 0 0 0 0 0 0 0 0 0 0 0 0 0 0 0 0 0 0 0 0 0 0 0 0 0 0 0 0 0 0 0 0 0 0 0 0 
0 0 0 0 0 0 0 0 0 0 0 0 0 0 0 0 0 0 0 0 0 0 0 0 0 0 0 0 0 0 0 0 0 0 0 0 0 0 0 
0 0 0 0 0 0 0 0 0 0 0 0 0 0 0 0 0 0 0 0 0 0 0 0 0 0 0 0 0 0 0 0 0 0 0 0 0 0 0 
0 0 0 0 0 0 0 0 0 0 0 0 0 0 0 0 0 0 0 0 0 0 0 0 0 0 0 0 0 0 0 0 0 0 0 0 0 0 0 
0 0 0 0 0 0 0 0 0 0 0 0 0 0 0 0 0 0 0 0 0 0 0 0 0 0 0 0 0 0 0 0 0 0 0 0 0 0 0 
0 0 0 0 0 0 0 0 0 0 0 0 0 0 0 0 0 0 0 0 0 0 0 0 0 0 0 0 0 0 0 0 0 0 0 0 0 0 0 
0 0 0 0 0 0 0 0 0 0 0 0 0 0 0 0 0 0 0 0 0 0 0 0 0 0 0 0 0 0 0 0 0 0 0 0 0 0 0 
0 0 0 0 0 0 0 0 0 0 0 0 0 0 0 0 0 0 0 0 0 0 0 0 0 0 0 0 0 0 0 0 0 0 0 0 0 0 0 
0 0 0 0 0 0 0 0 0 0 0 0 0 0 0 0 0 0 0 0 0 0 0 0 0 0 0 0 0 0 0 0 0 0 0 0 0 0 0 
