4 6 8 10 12 14 16 18 20 22 24 26 28 30 32 34 36 38 40 42 44 46 48 50 52 54 56 58 60 0 0 0 0 0 0 0 0 0 0 
0 8 10 12 14 16 18 20 22 24 26 28 30 32 34 36 38 40 42 44 46 48 50 52 54 56 58 60 62 0 0 0 0 0 0 0 0 0 0 
0 0 13 16 18 21 24 26 28 30 32 34 36 38 40 42 44 46 48 50 52 54 56 58 60 62 64 66 68 0 0 0 0 0 0 0 0 0 0 
0 0 0 20 22 25 28 30 33 36 38 41 44 46 49 52 54 57 60 62 64 66 68 70 72 74 76 78 80 0 0 0 0 0 0 0 0 0 0 
0 0 0 0 26 29 32 36 39 42 45 48 50 53 56 58 61 64 66 69 72 74 77 80 82 85 88 90 93 0 0 0 0 0 0 0 0 0 0 
0 0 0 0 0 33 37 40 44 47 50 53 56 60 62 65 69 72 75 78 81 83 86 89 92 94 97 100 103 0 0 0 0 0 0 0 0 0 0 
0 0 0 0 0 0 42 45 50 53 57 60 63 66 70 73 76 80 83 86 89 92 95 100 102 106 109 114 116 0 0 0 0 0 0 0 0 0 0 
0 0 0 0 0 0 0 49 54 59 64 66 69 73 76 80 83 88 93 96 97 100 105 108 112 116 120 122 125 0 0 0 0 0 0 0 0 0 0 
0 0 0 0 0 0 0 0 60 64 68 71 75 79 83 86 91 94 102 104 109 111 114 118 120 124 127 131 134 0 0 0 0 0 0 0 0 0 0 
0 0 0 0 0 0 0 0 0 69 74 78 81 86 89 93 98 106 111 116 121 123 124 129 132 132 136 139 144 0 0 0 0 0 0 0 0 0 0 
0 0 0 0 0 0 0 0 0 0 80 86 91 96 99 102 105 110 120 126 132 134 138 141 144 147 149 152 154 0 0 0 0 0 0 0 0 0 0 
0 0 0 0 0 0 0 0 0 0 0 92 98 104 107 110 113 118 125 131 137 140 145 148 151 154 159 162 165 0 0 0 0 0 0 0 0 0 0 
0 0 0 0 0 0 0 0 0 0 0 0 105 112 115 118 123 126 130 136 141 146 151 155 159 162 166 169 174 0 0 0 0 0 0 0 0 0 0 
0 0 0 0 0 0 0 0 0 0 0 0 0 120 123 126 132 133 136 139 144 152 156 160 167 170 172 176 181 0 0 0 0 0 0 0 0 0 0 
0 0 0 0 0 0 0 0 0 0 0 0 0 0 127 132 137 141 145 149 149 156 161 167 170 174 178 183 187 0 0 0 0 0 0 0 0 0 0 
0 0 0 0 0 0 0 0 0 0 0 0 0 0 0 137 142 146 150 155 157 161 166 171 175 182 186 191 196 0 0 0 0 0 0 0 0 0 0 
0 0 0 0 0 0 0 0 0 0 0 0 0 0 0 0 146 151 157 162 163 168 173 178 184 189 194 198 203 0 0 0 0 0 0 0 0 0 0 
0 0 0 0 0 0 0 0 0 0 0 0 0 0 0 0 0 156 161 168 169 175 181 186 192 197 202 207 213 0 0 0 0 0 0 0 0 0 0 
0 0 0 0 0 0 0 0 0 0 0 0 0 0 0 0 0 0 167 172 176 181 188 193 198 205 212 214 221 0 0 0 0 0 0 0 0 0 0 
0 0 0 0 0 0 0 0 0 0 0 0 0 0 0 0 0 0 0 177 182 189 195 200 207 212 218 224 230 0 0 0 0 0 0 0 0 0 0 
0 0 0 0 0 0 0 0 0 0 0 0 0 0 0 0 0 0 0 0 188 195 202 207 215 219 225 231 238 0 0 0 0 0 0 0 0 0 0 
0 0 0 0 0 0 0 0 0 0 0 0 0 0 0 0 0 0 0 0 0 202 208 215 221 227 233 239 245 0 0 0 0 0 0 0 0 0 0 
0 0 0 0 0 0 0 0 0 0 0 0 0 0 0 0 0 0 0 0 0 0 214 222 227 234 240 247 253 0 0 0 0 0 0 0 0 0 0 
0 0 0 0 0 0 0 0 0 0 0 0 0 0 0 0 0 0 0 0 0 0 0 229 235 241 248 255 260 0 0 0 0 0 0 0 0 0 0 
0 0 0 0 0 0 0 0 0 0 0 0 0 0 0 0 0 0 0 0 0 0 0 0 241 250 254 262 270 0 0 0 0 0 0 0 0 0 0 
0 0 0 0 0 0 0 0 0 0 0 0 0 0 0 0 0 0 0 0 0 0 0 0 0 256 261 270 277 0 0 0 0 0 0 0 0 0 0 
0 0 0 0 0 0 0 0 0 0 0 0 0 0 0 0 0 0 0 0 0 0 0 0 0 0 269 277 285 0 0 0 0 0 0 0 0 0 0 
0 0 0 0 0 0 0 0 0 0 0 0 0 0 0 0 0 0 0 0 0 0 0 0 0 0 0 285 291 0 0 0 0 0 0 0 0 0 0 
0 0 0 0 0 0 0 0 0 0 0 0 0 0 0 0 0 0 0 0 0 0 0 0 0 0 0 0 299 0 0 0 0 0 0 0 0 0 0 
0 0 0 0 0 0 0 0 0 0 0 0 0 0 0 0 0 0 0 0 0 0 0 0 0 0 0 0 0 0 0 0 0 0 0 0 0 0 0 
0 0 0 0 0 0 0 0 0 0 0 0 0 0 0 0 0 0 0 0 0 0 0 0 0 0 0 0 0 0 0 0 0 0 0 0 0 0 0 
0 0 0 0 0 0 0 0 0 0 0 0 0 0 0 0 0 0 0 0 0 0 0 0 0 0 0 0 0 0 0 0 0 0 0 0 0 0 0 
0 0 0 0 0 0 0 0 0 0 0 0 0 0 0 0 0 0 0 0 0 0 0 0 0 0 0 0 0 0 0 0 0 0 0 0 0 0 0 
0 0 0 0 0 0 0 0 0 0 0 0 0 0 0 0 0 0 0 0 0 0 0 0 0 0 0 0 0 0 0 0 0 0 0 0 0 0 0 
0 0 0 0 0 0 0 0 0 0 0 0 0 0 0 0 0 0 0 0 0 0 0 0 0 0 0 0 0 0 0 0 0 0 0 0 0 0 0 
0 0 0 0 0 0 0 0 0 0 0 0 0 0 0 0 0 0 0 0 0 0 0 0 0 0 0 0 0 0 0 0 0 0 0 0 0 0 0 
0 0 0 0 0 0 0 0 0 0 0 0 0 0 0 0 0 0 0 0 0 0 0 0 0 0 0 0 0 0 0 0 0 0 0 0 0 0 0 
0 0 0 0 0 0 0 0 0 0 0 0 0 0 0 0 0 0 0 0 0 0 0 0 0 0 0 0 0 0 0 0 0 0 0 0 0 0 0 
0 0 0 0 0 0 0 0 0 0 0 0 0 0 0 0 0 0 0 0 0 0 0 0 0 0 0 0 0 0 0 0 0 0 0 0 0 0 0 
