4 6 8 10 12 14 16 18 20 22 24 26 28 30 32 34 36 38 40 42 44 46 48 50 52 54 56 58 60 0 0 0 0 0 0 0 0 0 0 
0 8 10 12 14 16 18 20 22 24 26 28 30 32 34 36 38 40 42 44 46 48 50 52 54 56 58 60 62 0 0 0 0 0 0 0 0 0 0 
0 0 13 16 18 21 24 26 28 30 32 34 36 38 40 42 44 46 48 50 52 54 56 58 60 62 64 66 68 0 0 0 0 0 0 0 0 0 0 
0 0 0 20 22 25 28 30 33 36 38 41 44 46 49 52 54 57 60 62 64 66 68 70 72 74 76 78 80 0 0 0 0 0 0 0 0 0 0 
0 0 0 0 26 29 32 36 39 42 45 48 50 53 56 58 61 64 66 69 72 74 77 80 82 85 88 90 93 0 0 0 0 0 0 0 0 0 0 
0 0 0 0 0 33 37 40 44 47 50 53 56 59 63 66 69 72 75 78 81 84 87 89 92 95 98 100 103 0 0 0 0 0 0 0 0 0 0 
0 0 0 0 0 0 42 45 50 53 56 60 64 67 70 73 77 81 84 87 90 93 97 100 103 108 112 114 117 0 0 0 0 0 0 0 0 0 0 
0 0 0 0 0 0 0 49 54 59 64 67 70 73 77 80 84 89 93 96 100 103 106 109 112 116 120 122 126 0 0 0 0 0 0 0 0 0 0 
0 0 0 0 0 0 0 0 60 64 68 72 76 80 85 90 94 98 102 106 110 112 115 118 122 125 129 132 135 0 0 0 0 0 0 0 0 0 0 
0 0 0 0 0 0 0 0 0 69 74 79 84 88 92 96 101 106 111 116 121 123 127 130 133 137 140 144 147 0 0 0 0 0 0 0 0 0 0 
0 0 0 0 0 0 0 0 0 0 80 83 91 96 99 102 105 114 120 126 132 134 138 141 144 147 151 154 157 0 0 0 0 0 0 0 0 0 0 
0 0 0 0 0 0 0 0 0 0 0 92 98 104 107 110 113 117 125 131 137 140 144 148 152 156 159 162 167 0 0 0 0 0 0 0 0 0 0 
0 0 0 0 0 0 0 0 0 0 0 0 105 112 115 118 122 127 130 135 142 146 150 155 159 163 167 171 175 0 0 0 0 0 0 0 0 0 0 
0 0 0 0 0 0 0 0 0 0 0 0 0 120 123 126 131 135 138 143 146 151 156 160 164 171 176 180 184 0 0 0 0 0 0 0 0 0 0 
0 0 0 0 0 0 0 0 0 0 0 0 0 0 127 131 136 140 145 149 153 159 161 165 170 178 181 186 190 0 0 0 0 0 0 0 0 0 0 
0 0 0 0 0 0 0 0 0 0 0 0 0 0 0 137 143 148 152 156 160 164 167 171 177 181 186 190 195 0 0 0 0 0 0 0 0 0 0 
0 0 0 0 0 0 0 0 0 0 0 0 0 0 0 0 149 154 158 163 169 172 177 180 184 188 193 199 204 0 0 0 0 0 0 0 0 0 0 
0 0 0 0 0 0 0 0 0 0 0 0 0 0 0 0 0 161 167 171 175 180 185 189 192 196 201 207 214 0 0 0 0 0 0 0 0 0 0 
0 0 0 0 0 0 0 0 0 0 0 0 0 0 0 0 0 0 173 176 181 184 192 194 198 206 209 217 222 0 0 0 0 0 0 0 0 0 0 
0 0 0 0 0 0 0 0 0 0 0 0 0 0 0 0 0 0 0 183 185 190 195 200 206 211 218 225 230 0 0 0 0 0 0 0 0 0 0 
0 0 0 0 0 0 0 0 0 0 0 0 0 0 0 0 0 0 0 0 189 195 202 208 213 219 226 230 237 0 0 0 0 0 0 0 0 0 0 
0 0 0 0 0 0 0 0 0 0 0 0 0 0 0 0 0 0 0 0 0 202 208 216 221 227 233 238 246 0 0 0 0 0 0 0 0 0 0 
0 0 0 0 0 0 0 0 0 0 0 0 0 0 0 0 0 0 0 0 0 0 215 220 228 235 240 247 253 0 0 0 0 0 0 0 0 0 0 
0 0 0 0 0 0 0 0 0 0 0 0 0 0 0 0 0 0 0 0 0 0 0 228 235 241 248 256 260 0 0 0 0 0 0 0 0 0 0 
0 0 0 0 0 0 0 0 0 0 0 0 0 0 0 0 0 0 0 0 0 0 0 0 241 248 255 264 268 0 0 0 0 0 0 0 0 0 0 
0 0 0 0 0 0 0 0 0 0 0 0 0 0 0 0 0 0 0 0 0 0 0 0 0 257 264 269 277 0 0 0 0 0 0 0 0 0 0 
0 0 0 0 0 0 0 0 0 0 0 0 0 0 0 0 0 0 0 0 0 0 0 0 0 0 272 278 284 0 0 0 0 0 0 0 0 0 0 
0 0 0 0 0 0 0 0 0 0 0 0 0 0 0 0 0 0 0 0 0 0 0 0 0 0 0 284 292 0 0 0 0 0 0 0 0 0 0 
0 0 0 0 0 0 0 0 0 0 0 0 0 0 0 0 0 0 0 0 0 0 0 0 0 0 0 0 301 0 0 0 0 0 0 0 0 0 0 
0 0 0 0 0 0 0 0 0 0 0 0 0 0 0 0 0 0 0 0 0 0 0 0 0 0 0 0 0 0 0 0 0 0 0 0 0 0 0 
0 0 0 0 0 0 0 0 0 0 0 0 0 0 0 0 0 0 0 0 0 0 0 0 0 0 0 0 0 0 0 0 0 0 0 0 0 0 0 
0 0 0 0 0 0 0 0 0 0 0 0 0 0 0 0 0 0 0 0 0 0 0 0 0 0 0 0 0 0 0 0 0 0 0 0 0 0 0 
0 0 0 0 0 0 0 0 0 0 0 0 0 0 0 0 0 0 0 0 0 0 0 0 0 0 0 0 0 0 0 0 0 0 0 0 0 0 0 
0 0 0 0 0 0 0 0 0 0 0 0 0 0 0 0 0 0 0 0 0 0 0 0 0 0 0 0 0 0 0 0 0 0 0 0 0 0 0 
0 0 0 0 0 0 0 0 0 0 0 0 0 0 0 0 0 0 0 0 0 0 0 0 0 0 0 0 0 0 0 0 0 0 0 0 0 0 0 
0 0 0 0 0 0 0 0 0 0 0 0 0 0 0 0 0 0 0 0 0 0 0 0 0 0 0 0 0 0 0 0 0 0 0 0 0 0 0 
0 0 0 0 0 0 0 0 0 0 0 0 0 0 0 0 0 0 0 0 0 0 0 0 0 0 0 0 0 0 0 0 0 0 0 0 0 0 0 
0 0 0 0 0 0 0 0 0 0 0 0 0 0 0 0 0 0 0 0 0 0 0 0 0 0 0 0 0 0 0 0 0 0 0 0 0 0 0 
0 0 0 0 0 0 0 0 0 0 0 0 0 0 0 0 0 0 0 0 0 0 0 0 0 0 0 0 0 0 0 0 0 0 0 0 0 0 0 
