0 6 8 10 12 14 16 18 20 22 24 26 28 30 32 34 36 38 40 42 44 46 48 50 52 54 56 58 60 0 0 0 0 0 0 0 0 0 0 
6 9 12 15 18 21 24 27 30 33 36 39 42 45 48 51 54 57 60 63 66 69 72 75 78 81 84 87 90 0 0 0 0 0 0 0 0 0 0 
8 12 16 20 24 28 32 36 40 44 48 52 56 60 64 68 72 76 80 84 88 92 96 100 104 108 112 116 119 0 0 0 0 0 0 0 0 0 0 
10 15 20 25 29 33 37 41 45 49 53 57 61 65 69 73 77 81 85 89 93 97 101 105 109 113 117 121 125 0 0 0 0 0 0 0 0 0 0 
12 18 24 30 34 39 44 49 54 58 63 68 73 78 82 87 92 97 102 106 111 116 121 126 130 135 140 145 150 0 0 0 0 0 0 0 0 0 0 
14 21 28 35 39 45 51 57 63 67 73 79 85 91 95 100 105 110 115 120 125 130 135 140 145 150 155 160 165 0 0 0 0 0 0 0 0 0 0 
16 24 32 40 44 51 58 65 72 76 82 88 94 100 106 112 118 124 129 135 140 146 152 157 163 168 174 180 185 0 0 0 0 0 0 0 0 0 0 
18 27 36 45 49 57 65 73 81 85 91 98 104 111 117 124 131 137 144 150 157 163 169 176 182 189 195 201 207 0 0 0 0 0 0 0 0 0 0 
20 30 40 50 54 63 72 81 90 94 100 107 114 122 129 136 143 150 157 164 170 177 184 191 197 204 211 218 225 0 0 0 0 0 0 0 0 0 0 
22 33 44 55 59 68 77 86 95 103 109 117 125 132 140 148 155 163 170 178 185 192 199 207 213 221 228 235 242 0 0 0 0 0 0 0 0 0 0 
24 36 48 60 64 74 84 93 102 111 118 127 135 143 152 160 168 176 184 192 200 208 216 225 231 238 245 252 259 0 0 0 0 0 0 0 0 0 0 
26 39 52 65 69 80 91 100 109 118 127 136 145 153 162 172 181 190 199 207 215 224 232 241 248 255 262 270 278 0 0 0 0 0 0 0 0 0 0 
28 42 56 70 74 86 98 107 117 126 136 146 155 164 174 183 192 201 211 220 228 238 246 255 263 271 278 287 295 0 0 0 0 0 0 0 0 0 0 
30 45 60 75 79 92 105 114 124 134 145 156 165 175 186 195 204 214 224 233 242 252 260 269 278 286 295 304 312 0 0 0 0 0 0 0 0 0 0 
32 48 64 80 84 98 112 121 132 142 153 165 175 186 198 207 217 228 237 246 256 266 275 284 293 303 312 321 330 0 0 0 0 0 0 0 0 0 0 
34 51 68 85 89 103 117 127 139 150 162 174 184 195 207 218 228 239 250 259 270 281 291 300 309 319 328 338 347 0 0 0 0 0 0 0 0 0 0 
36 54 72 90 94 109 123 134 147 158 171 183 194 205 218 229 240 251 262 272 283 294 304 314 324 334 344 355 365 0 0 0 0 0 0 0 0 0 0 
38 57 76 95 99 115 129 141 155 166 179 192 204 216 228 239 251 263 274 285 296 307 317 328 339 349 360 371 381 0 0 0 0 0 0 0 0 0 0 
40 60 80 100 104 121 135 148 162 174 187 201 213 226 239 250 262 274 286 297 309 320 331 342 353 364 376 387 398 0 0 0 0 0 0 0 0 0 0 
42 63 84 105 109 127 141 155 170 181 195 210 223 236 249 261 273 286 298 310 322 334 345 357 368 380 392 403 415 0 0 0 0 0 0 0 0 0 0 
44 66 88 110 114 133 147 161 178 189 203 218 232 246 259 272 284 297 310 322 335 347 359 371 383 395 407 419 432 0 0 0 0 0 0 0 0 0 0 
46 69 92 115 119 138 152 168 185 197 212 227 241 255 269 282 295 308 322 334 347 360 373 385 398 411 423 435 448 0 0 0 0 0 0 0 0 0 0 
48 72 96 120 124 144 158 175 192 205 220 236 250 264 279 292 306 319 333 346 360 374 387 400 413 426 439 452 464 0 0 0 0 0 0 0 0 0 0 
50 75 100 125 129 150 164 182 200 212 229 244 259 274 289 303 317 331 345 359 373 387 400 414 427 441 455 468 481 0 0 0 0 0 0 0 0 0 0 
52 78 104 130 134 156 170 188 207 220 238 252 268 283 299 314 328 343 357 372 386 400 414 428 441 455 470 483 497 0 0 0 0 0 0 0 0 0 0 
54 81 108 135 139 162 176 195 214 228 247 261 277 292 308 325 339 354 369 384 399 413 427 442 456 471 486 499 513 0 0 0 0 0 0 0 0 0 0 
56 84 112 140 144 168 182 202 221 235 254 269 286 302 318 335 350 365 381 396 411 426 441 456 470 486 501 516 530 0 0 0 0 0 0 0 0 0 0 
58 87 116 145 149 173 187 208 228 243 262 278 295 311 328 345 361 377 392 408 424 439 455 470 485 500 516 530 545 0 0 0 0 0 0 0 0 0 0 
60 90 120 150 154 178 193 215 235 251 269 286 304 321 338 355 372 388 403 420 436 452 469 484 500 515 531 546 561 0 0 0 0 0 0 0 0 0 0 
0 0 0 0 0 0 0 0 0 0 0 0 0 0 0 0 0 0 0 0 0 0 0 0 0 0 0 0 0 0 0 0 0 0 0 0 0 0 0 
0 0 0 0 0 0 0 0 0 0 0 0 0 0 0 0 0 0 0 0 0 0 0 0 0 0 0 0 0 0 0 0 0 0 0 0 0 0 0 
0 0 0 0 0 0 0 0 0 0 0 0 0 0 0 0 0 0 0 0 0 0 0 0 0 0 0 0 0 0 0 0 0 0 0 0 0 0 0 
0 0 0 0 0 0 0 0 0 0 0 0 0 0 0 0 0 0 0 0 0 0 0 0 0 0 0 0 0 0 0 0 0 0 0 0 0 0 0 
0 0 0 0 0 0 0 0 0 0 0 0 0 0 0 0 0 0 0 0 0 0 0 0 0 0 0 0 0 0 0 0 0 0 0 0 0 0 0 
0 0 0 0 0 0 0 0 0 0 0 0 0 0 0 0 0 0 0 0 0 0 0 0 0 0 0 0 0 0 0 0 0 0 0 0 0 0 0 
0 0 0 0 0 0 0 0 0 0 0 0 0 0 0 0 0 0 0 0 0 0 0 0 0 0 0 0 0 0 0 0 0 0 0 0 0 0 0 
0 0 0 0 0 0 0 0 0 0 0 0 0 0 0 0 0 0 0 0 0 0 0 0 0 0 0 0 0 0 0 0 0 0 0 0 0 0 0 
0 0 0 0 0 0 0 0 0 0 0 0 0 0 0 0 0 0 0 0 0 0 0 0 0 0 0 0 0 0 0 0 0 0 0 0 0 0 0 
0 0 0 0 0 0 0 0 0 0 0 0 0 0 0 0 0 0 0 0 0 0 0 0 0 0 0 0 0 0 0 0 0 0 0 0 0 0 0 
