0 6 8 10 12 14 16 18 20 22 24 26 28 30 32 34 36 38 40 42 44 46 48 50 52 54 56 58 60 0 0 0 0 0 0 0 0 0 0 
6 9 12 15 18 21 24 27 30 33 36 39 42 45 48 51 54 57 60 63 66 69 72 75 78 81 84 87 89 0 0 0 0 0 0 0 0 0 0 
8 12 16 20 23 26 29 32 35 38 41 44 47 50 53 56 59 62 65 68 71 74 77 80 83 86 89 92 95 0 0 0 0 0 0 0 0 0 0 
10 15 20 25 28 32 36 40 43 47 51 55 58 62 66 70 73 77 81 85 88 92 96 100 103 106 109 112 115 0 0 0 0 0 0 0 0 0 0 
12 18 24 30 33 38 43 48 51 56 61 66 69 73 77 81 85 89 93 97 101 105 108 112 116 120 123 127 131 0 0 0 0 0 0 0 0 0 0 
14 21 28 35 38 44 50 56 59 64 69 74 79 84 88 93 97 102 106 111 115 120 124 129 133 138 142 147 151 0 0 0 0 0 0 0 0 0 0 
16 24 32 40 43 50 57 64 67 72 78 83 89 94 100 105 110 115 121 126 131 136 141 146 150 155 159 164 168 0 0 0 0 0 0 0 0 0 0 
18 27 36 45 48 56 64 72 75 80 86 92 98 104 110 116 122 128 133 139 144 150 155 160 165 170 175 180 185 0 0 0 0 0 0 0 0 0 0 
20 30 40 50 53 61 69 77 83 88 95 102 108 115 121 128 134 140 146 152 158 164 169 175 180 186 191 197 202 0 0 0 0 0 0 0 0 0 0 
22 33 44 55 58 67 75 83 91 96 104 111 118 126 132 140 147 154 159 165 171 177 184 190 196 202 208 214 220 0 0 0 0 0 0 0 0 0 0 
24 36 48 60 63 73 81 90 98 104 112 120 128 135 144 152 160 168 173 179 185 191 198 205 211 218 224 230 237 0 0 0 0 0 0 0 0 0 0 
26 39 52 65 68 79 87 96 105 112 121 129 137 146 153 162 170 179 185 192 198 205 212 219 226 233 240 246 253 0 0 0 0 0 0 0 0 0 0 
28 42 56 70 73 85 93 103 112 120 130 138 147 157 164 173 182 191 198 205 212 219 226 233 240 248 255 262 269 0 0 0 0 0 0 0 0 0 0 
30 45 60 75 78 91 99 110 120 128 138 147 157 168 174 184 193 202 210 218 225 232 240 247 255 263 271 278 286 0 0 0 0 0 0 0 0 0 0 
32 48 64 80 83 96 105 116 127 136 147 156 166 177 185 195 205 215 222 231 239 247 255 262 269 277 286 294 302 0 0 0 0 0 0 0 0 0 0 
34 51 68 85 88 102 111 123 134 144 155 165 175 186 196 205 215 225 233 242 251 260 268 276 284 292 300 309 318 0 0 0 0 0 0 0 0 0 0 
36 54 72 90 93 108 117 130 141 152 163 173 184 195 207 216 226 236 245 255 263 273 281 290 299 308 316 324 333 0 0 0 0 0 0 0 0 0 0 
38 57 76 95 98 114 123 136 148 159 171 182 193 204 216 226 237 247 257 267 276 285 294 304 314 323 331 340 349 0 0 0 0 0 0 0 0 0 0 
40 60 80 100 103 120 129 143 155 166 180 190 202 214 225 236 247 258 269 279 289 299 308 318 328 338 347 356 366 0 0 0 0 0 0 0 0 0 0 
42 63 84 105 108 126 135 150 162 174 189 199 211 223 235 246 257 269 280 291 302 312 322 332 343 352 362 372 382 0 0 0 0 0 0 0 0 0 0 
44 66 88 110 113 131 141 157 169 182 197 207 220 232 244 256 267 279 291 303 315 325 336 346 356 366 377 387 397 0 0 0 0 0 0 0 0 0 0 
46 69 92 115 118 136 147 164 176 189 205 216 229 242 253 266 277 289 302 314 327 338 350 360 370 380 391 401 412 0 0 0 0 0 0 0 0 0 0 
48 72 96 120 123 141 153 171 183 197 213 224 238 251 263 276 287 299 313 325 339 351 363 373 384 394 405 416 427 0 0 0 0 0 0 0 0 0 0 
50 75 100 125 128 146 159 177 190 205 220 233 247 260 273 285 298 310 324 336 351 364 376 387 398 409 420 431 443 0 0 0 0 0 0 0 0 0 0 
52 78 104 130 133 151 165 184 197 212 228 241 256 270 282 295 308 321 334 347 362 376 389 401 412 423 435 446 458 0 0 0 0 0 0 0 0 0 0 
54 81 108 135 138 156 171 191 204 219 235 249 265 279 292 305 319 332 346 358 374 388 401 414 426 437 449 461 473 0 0 0 0 0 0 0 0 0 0 
56 84 112 140 143 161 177 198 211 226 243 258 274 288 301 314 329 343 357 370 385 400 413 427 440 451 463 475 488 0 0 0 0 0 0 0 0 0 0 
58 87 116 145 148 166 183 205 218 233 251 266 282 297 311 324 339 353 368 382 396 411 425 440 453 465 477 490 503 0 0 0 0 0 0 0 0 0 0 
60 90 120 150 153 171 189 212 225 240 259 274 291 305 320 334 349 364 379 393 407 423 437 453 466 479 492 504 518 0 0 0 0 0 0 0 0 0 0 
0 0 0 0 0 0 0 0 0 0 0 0 0 0 0 0 0 0 0 0 0 0 0 0 0 0 0 0 0 0 0 0 0 0 0 0 0 0 0 
0 0 0 0 0 0 0 0 0 0 0 0 0 0 0 0 0 0 0 0 0 0 0 0 0 0 0 0 0 0 0 0 0 0 0 0 0 0 0 
0 0 0 0 0 0 0 0 0 0 0 0 0 0 0 0 0 0 0 0 0 0 0 0 0 0 0 0 0 0 0 0 0 0 0 0 0 0 0 
0 0 0 0 0 0 0 0 0 0 0 0 0 0 0 0 0 0 0 0 0 0 0 0 0 0 0 0 0 0 0 0 0 0 0 0 0 0 0 
0 0 0 0 0 0 0 0 0 0 0 0 0 0 0 0 0 0 0 0 0 0 0 0 0 0 0 0 0 0 0 0 0 0 0 0 0 0 0 
0 0 0 0 0 0 0 0 0 0 0 0 0 0 0 0 0 0 0 0 0 0 0 0 0 0 0 0 0 0 0 0 0 0 0 0 0 0 0 
0 0 0 0 0 0 0 0 0 0 0 0 0 0 0 0 0 0 0 0 0 0 0 0 0 0 0 0 0 0 0 0 0 0 0 0 0 0 0 
0 0 0 0 0 0 0 0 0 0 0 0 0 0 0 0 0 0 0 0 0 0 0 0 0 0 0 0 0 0 0 0 0 0 0 0 0 0 0 
0 0 0 0 0 0 0 0 0 0 0 0 0 0 0 0 0 0 0 0 0 0 0 0 0 0 0 0 0 0 0 0 0 0 0 0 0 0 0 
0 0 0 0 0 0 0 0 0 0 0 0 0 0 0 0 0 0 0 0 0 0 0 0 0 0 0 0 0 0 0 0 0 0 0 0 0 0 0 
