4 6 8 10 12 14 16 18 20 22 24 26 28 30 32 34 36 38 40 42 44 46 48 50 52 54 56 58 60 62 64 66 68 70 72 74 76 78 80
0 9 12 15 18 21 24 27 30 33 36 39 42 45 48 51 54 57 60 63 66 69 72 75 78 81 84 87 90 93 96 99 102 105 108 111 114 117 120
0 0 15 18 21 24 27 30 33 36 39 42 45 48 51 54 57 60 63 66 69 72 75 78 81 84 87 90 93 96 99 102 105 108 111 114 117 120 123
0 0 0 22 26 30 33 37 41 45 48 52 56 60 63 66 69 72 75 78 81 84 87 90 93 96 99 102 105 108 111 114 117 120 123 126 129 132 135
0 0 0 0 31 36 39 43 47 51 55 59 63 67 71 75 78 82 86 90 93 97 101 105 108 112 116 120 123 127 131 135 138 142 146 150 153 157 161
0 0 0 0 0 42 45 49 54 58 63 68 72 77 82 87 90 95 100 105 108 112 116 120 123 127 131 135 138 142 146 150 153 157 161 165 168 172 176
0 0 0 0 0 0 51 55 60 65 70 75 80 85 90 95 99 104 111 115 120 124 129 133 138 142 147 151 156 160 165 169 174 178 183 187 192 196 201
0 0 0 0 0 0 0 61 67 72 78 84 88 94 99 104 109 118 123 129 134 139 144 150 154 159 163 168 172 177 181 186 190 195 199 204 208 213 217
0 0 0 0 0 0 0 0 74 79 86 93 97 103 109 115 120 130 135 140 146 151 157 162 168 173 178 183 189 194 199 204 210 215 220 225 231 236 241
0 0 0 0 0 0 0 0 0 86 93 100 105 111 117 124 131 142 148 154 160 166 172 178 184 190 196 201 207 212 217 222 228 233 238 243 249 254 259
0 0 0 0 0 0 0 0 0 0 100 108 114 121 127 134 141 153 159 166 172 178 186 192 198 204 210 216 222 228 234 240 246 252 258 264 270 276 282
0 0 0 0 0 0 0 0 0 0 0 117 123 131 137 145 152 166 173 180 186 193 200 207 213 220 227 234 240 247 253 259 265 271 277 283 289 295 301
0 0 0 0 0 0 0 0 0 0 0 0 132 141 147 156 163 177 184 191 198 205 215 222 229 235 242 249 256 262 269 276 283 289 296 303 310 316 323
0 0 0 0 0 0 0 0 0 0 0 0 0 151 157 166 174 190 197 205 212 220 228 236 243 251 258 266 273 281 288 295 302 309 316 322 329 336 343
0 0 0 0 0 0 0 0 0 0 0 0 0 0 167 177 185 201 209 217 225 233 243 251 260 267 275 282 290 297 305 312 320 327 335 342 350 357 365
0 0 0 0 0 0 0 0 0 0 0 0 0 0 0 188 196 214 223 232 241 249 257 265 274 282 290 298 307 315 323 331 340 347 355 362 370 377 385
0 0 0 0 0 0 0 0 0 0 0 0 0 0 0 0 207 226 235 244 253 262 271 280 289 298 307 315 324 332 340 348 357 365 373 381 390 398 406
0 0 0 0 0 0 0 0 0 0 0 0 0 0 0 0 0 238 247 257 267 277 286 295 304 313 322 331 340 349 358 367 376 385 393 402 410 418 426
0 0 0 0 0 0 0 0 0 0 0 0 0 0 0 0 0 0 260 270 280 290 300 309 319 329 339 348 358 367 376 385 394 403 412 421 430 439 448
0 0 0 0 0 0 0 0 0 0 0 0 0 0 0 0 0 0 0 283 293 304 314 325 335 344 354 364 374 383 393 403 413 422 432 441 450 459 468
0 0 0 0 0 0 0 0 0 0 0 0 0 0 0 0 0 0 0 0 307 318 328 339 349 360 370 381 391 402 411 421 431 441 450 460 470 480 489
0 0 0 0 0 0 0 0 0 0 0 0 0 0 0 0 0 0 0 0 0 331 342 354 365 376 386 397 407 418 428 439 449 460 470 481 491 501 510
0 0 0 0 0 0 0 0 0 0 0 0 0 0 0 0 0 0 0 0 0 0 357 368 380 391 402 413 425 436 447 457 468 478 489 499 510 520 531
0 0 0 0 0 0 0 0 0 0 0 0 0 0 0 0 0 0 0 0 0 0 0 383 395 407 419 430 441 453 464 475 486 498 509 520 531 542 552
0 0 0 0 0 0 0 0 0 0 0 0 0 0 0 0 0 0 0 0 0 0 0 0 410 422 434 446 458 470 482 494 505 516 528 539 550 561 573
0 0 0 0 0 0 0 0 0 0 0 0 0 0 0 0 0 0 0 0 0 0 0 0 0 438 451 463 475 487 499 511 523 535 547 559 571 583 594
0 0 0 0 0 0 0 0 0 0 0 0 0 0 0 0 0 0 0 0 0 0 0 0 0 0 466 479 492 504 517 530 543 555 567 579 591 603 615
0 0 0 0 0 0 0 0 0 0 0 0 0 0 0 0 0 0 0 0 0 0 0 0 0 0 0 496 509 522 535 547 560 573 586 598 611 624 636
0 0 0 0 0 0 0 0 0 0 0 0 0 0 0 0 0 0 0 0 0 0 0 0 0 0 0 0 525 539 552 566 579 593 605 618 631 644 656
0 0 0 0 0 0 0 0 0 0 0 0 0 0 0 0 0 0 0 0 0 0 0 0 0 0 0 0 0 557 570 584 597 611 624 638 651 665 678
0 0 0 0 0 0 0 0 0 0 0 0 0 0 0 0 0 0 0 0 0 0 0 0 0 0 0 0 0 0 588 602 616 630 644 658 671 685 698
0 0 0 0 0 0 0 0 0 0 0 0 0 0 0 0 0 0 0 0 0 0 0 0 0 0 0 0 0 0 0 620 634 649 663 677 691 706 720
0 0 0 0 0 0 0 0 0 0 0 0 0 0 0 0 0 0 0 0 0 0 0 0 0 0 0 0 0 0 0 0 653 668 683 697 712 726 740
0 0 0 0 0 0 0 0 0 0 0 0 0 0 0 0 0 0 0 0 0 0 0 0 0 0 0 0 0 0 0 0 0 687 702 717 732 747 762
0 0 0 0 0 0 0 0 0 0 0 0 0 0 0 0 0 0 0 0 0 0 0 0 0 0 0 0 0 0 0 0 0 0 722 737 752 767 782
0 0 0 0 0 0 0 0 0 0 0 0 0 0 0 0 0 0 0 0 0 0 0 0 0 0 0 0 0 0 0 0 0 0 0 756 772 788 803
0 0 0 0 0 0 0 0 0 0 0 0 0 0 0 0 0 0 0 0 0 0 0 0 0 0 0 0 0 0 0 0 0 0 0 0 792 808 824
0 0 0 0 0 0 0 0 0 0 0 0 0 0 0 0 0 0 0 0 0 0 0 0 0 0 0 0 0 0 0 0 0 0 0 0 0 829 845
0 0 0 0 0 0 0 0 0 0 0 0 0 0 0 0 0 0 0 0 0 0 0 0 0 0 0 0 0 0 0 0 0 0 0 0 0 0 866
