4 6 8 9 10 11 12 13 14 15 16 17 18 19 20 21 22 23 24 25 26 27 28 29 30 31 32 33 34 35 36 37 38 39 40 41 42 43 44 
6 9 12 13 15 16 18 19 21 22 24 25 26 27 28 29 30 31 32 33 34 35 36 37 38 39 40 41 42 43 44 45 46 47 48 49 50 51 52 
8 12 16 17 20 22 24 25 27 28 30 31 33 34 36 37 39 40 42 43 45 46 48 49 50 51 52 53 54 55 56 57 58 59 60 61 62 63 64 
10 15 20 21 25 27 29 31 33 35 37 39 41 42 44 45 47 48 50 51 53 54 56 57 59 60 62 63 65 66 68 69 71 72 74 75 77 78 80 
12 18 24 25 30 32 35 37 40 42 44 46 48 50 52 54 56 58 60 61 63 64 66 67 69 70 72 73 75 76 78 79 81 82 84 85 87 88 90 
14 21 28 29 34 37 40 43 46 48 51 53 56 58 60 62 64 66 68 70 72 74 76 78 80 82 84 85 87 88 90 91 93 94 96 97 99 100 102 
16 24 32 33 38 42 46 49 52 55 58 60 63 65 68 70 73 75 77 79 81 83 85 87 89 91 93 95 97 99 101 103 105 107 109 111 113 114 116 
18 27 36 37 42 47 52 55 58 61 64 67 70 73 76 78 81 83 86 88 91 93 96 98 100 102 104 106 108 110 112 114 116 118 120 122 124 126 128 
20 30 40 41 46 52 57 61 65 68 72 75 78 81 84 87 90 92 95 97 100 102 105 107 110 112 115 117 120 122 124 126 128 130 132 134 136 138 140 
22 33 44 45 50 57 63 67 71 75 78 82 85 89 92 95 98 101 104 107 110 112 115 117 120 122 125 127 130 132 135 137 140 142 145 147 149 151 153 
24 36 48 49 54 61 68 73 77 81 85 89 93 96 100 103 106 109 112 115 118 121 124 127 130 133 136 138 141 143 146 148 151 153 156 158 161 163 166 
26 39 52 53 58 66 73 79 84 88 92 96 100 104 108 111 115 118 122 125 128 131 134 137 140 143 146 149 152 155 158 160 163 165 168 170 173 175 178 
28 42 56 57 62 71 78 85 90 95 99 104 108 112 116 120 123 127 130 134 137 141 144 147 150 153 156 159 162 165 168 171 174 177 180 183 186 188 191 
30 45 60 61 66 76 83 91 96 101 106 111 115 120 124 128 132 136 140 143 147 150 154 157 161 164 168 171 174 177 180 183 186 189 192 195 198 201 204 
32 48 64 65 70 81 88 97 103 108 113 118 123 127 132 136 140 144 148 152 156 160 164 167 171 174 178 181 185 188 192 195 198 201 204 207 210 213 216 
34 51 68 69 74 85 92 103 109 114 120 125 130 135 140 144 149 153 157 161 165 169 173 177 181 185 188 192 195 199 202 206 209 213 216 219 222 225 228 
36 54 72 73 78 90 97 109 115 121 127 132 138 143 148 153 157 162 166 171 175 179 183 187 191 195 199 203 207 210 214 217 221 224 228 231 235 238 242 
38 57 76 77 82 95 102 114 122 128 134 139 145 150 156 161 166 171 175 180 184 189 193 197 201 205 209 213 217 221 225 229 233 236 240 243 247 250 254 
40 60 80 81 86 100 107 120 128 134 141 147 153 158 164 169 174 179 184 189 194 198 203 207 212 216 220 224 228 232 236 240 244 248 252 256 259 263 266 
42 63 84 85 90 105 112 126 134 141 148 154 160 166 172 177 183 188 193 198 203 208 213 217 222 226 231 235 240 244 248 252 256 260 264 268 272 276 280 
44 66 88 89 94 109 116 130 140 148 155 161 168 174 180 185 191 196 202 207 212 217 222 227 232 237 241 246 250 255 259 264 268 272 276 280 284 288 292 
46 69 92 93 98 113 121 135 145 154 161 168 175 181 188 194 200 205 211 216 222 227 232 237 242 247 252 257 261 266 270 275 279 284 288 292 296 300 304 
48 72 96 97 102 117 126 140 151 161 168 175 182 189 196 202 208 214 220 225 231 236 242 247 252 257 262 267 272 277 282 286 291 295 300 304 309 313 317 
50 75 100 101 106 121 131 145 156 168 175 183 190 197 204 210 217 223 229 235 241 246 252 257 263 268 273 278 283 288 293 298 303 307 312 316 321 325 330 
52 78 104 105 110 125 136 150 162 174 182 190 197 205 212 218 225 231 238 244 250 256 262 267 273 278 284 289 294 299 304 309 314 319 324 329 333 338 342 
54 81 108 109 114 129 140 154 168 181 189 197 205 212 220 227 234 240 247 253 259 265 271 277 283 288 294 299 305 310 316 321 326 331 336 341 346 351 355 
56 84 112 113 118 133 145 159 173 187 196 204 212 220 228 235 242 249 256 262 269 275 281 287 293 299 305 310 316 321 327 332 338 343 348 353 358 363 368 
58 87 116 117 122 137 150 164 179 193 203 212 220 228 236 243 250 257 264 271 278 284 291 297 303 309 315 321 327 332 338 343 349 354 360 365 370 375 380 
60 90 120 121 126 141 155 169 184 198 210 219 227 236 244 251 259 266 273 280 287 294 301 307 314 320 326 332 338 344 350 355 361 366 372 377 383 388 393 
62 93 124 125 130 145 160 174 190 204 217 226 235 243 252 260 267 275 282 290 297 304 311 317 324 330 337 343 349 355 361 367 373 378 384 389 395 400 406 
64 96 128 129 134 149 164 178 196 210 224 233 242 251 260 268 276 284 291 299 306 313 320 327 334 340 347 353 360 366 372 378 384 390 396 401 407 412 418 
66 99 132 133 138 153 169 183 201 215 231 240 250 259 268 276 284 292 300 308 315 323 330 337 344 351 358 364 371 377 384 390 396 402 408 414 420 425 431 
68 102 136 137 142 157 174 188 207 221 238 248 257 267 276 284 293 301 309 317 325 332 340 347 354 361 368 375 382 388 395 401 408 414 420 426 432 438 444 
70 105 140 141 146 161 179 193 212 226 245 255 265 274 284 293 301 310 318 326 334 342 350 357 365 372 379 386 393 399 406 412 419 425 432 438 444 450 456 
72 108 144 145 150 165 184 198 218 232 252 262 272 282 292 301 310 319 327 336 344 352 360 367 375 382 389 396 403 410 417 424 431 437 444 450 457 463 469 
74 111 148 149 154 169 188 202 224 238 258 269 280 290 300 309 318 327 336 345 353 361 369 377 385 392 400 407 414 421 428 435 442 449 456 462 469 475 482 
76 114 152 153 158 173 193 207 229 243 265 276 287 298 308 317 327 336 345 354 362 371 379 387 395 403 410 418 425 433 440 447 454 461 468 474 481 487 494 
78 117 156 157 162 177 198 212 235 249 271 284 295 305 316 326 335 345 354 363 372 380 389 397 405 413 421 429 436 444 451 459 466 473 480 487 494 500 507 
80 120 160 161 166 181 203 217 240 254 276 291 302 313 324 334 344 353 363 372 381 390 399 407 416 424 432 440 447 455 462 470 477 485 492 499 506 513 520 
