4 6 8 10 12 14 16 18 20 22 24 26 28 30 32 34 36 38 40 42 44 46 48 50 52 54 56 58 60 0 0 0 0 0 0 0 0 0 0 
0 9 12 15 18 21 24 27 30 33 36 39 42 45 48 51 54 57 60 63 66 69 72 75 78 81 84 87 90 0 0 0 0 0 0 0 0 0 0 
0 0 15 18 21 24 27 30 33 36 39 42 45 48 51 54 57 60 63 66 69 72 75 78 81 84 87 90 93 0 0 0 0 0 0 0 0 0 0 
0 0 0 22 26 30 33 37 41 45 48 52 56 60 63 66 69 72 75 78 81 84 87 90 93 96 99 102 105 0 0 0 0 0 0 0 0 0 0 
0 0 0 0 31 36 39 43 47 51 55 59 63 67 71 75 78 82 86 90 93 97 101 105 108 112 116 120 123 0 0 0 0 0 0 0 0 0 0 
0 0 0 0 0 42 45 49 54 58 63 67 72 77 82 87 90 95 100 105 108 112 116 120 123 127 131 135 138 0 0 0 0 0 0 0 0 0 0 
0 0 0 0 0 0 51 55 60 65 70 75 80 85 90 95 99 104 109 114 118 122 126 131 135 140 144 148 153 0 0 0 0 0 0 0 0 0 0 
0 0 0 0 0 0 0 61 67 72 78 83 88 94 99 104 109 114 119 123 128 133 138 143 147 152 156 162 166 0 0 0 0 0 0 0 0 0 0 
0 0 0 0 0 0 0 0 74 79 84 92 97 103 109 114 120 125 129 134 139 143 149 154 159 165 169 175 180 0 0 0 0 0 0 0 0 0 0 
0 0 0 0 0 0 0 0 0 86 92 99 104 110 116 122 127 133 138 144 150 155 160 166 171 177 183 188 193 0 0 0 0 0 0 0 0 0 0 
0 0 0 0 0 0 0 0 0 0 98 106 112 119 124 130 136 142 148 154 160 166 172 177 183 189 195 201 206 0 0 0 0 0 0 0 0 0 0 
0 0 0 0 0 0 0 0 0 0 0 113 119 125 132 138 145 151 158 164 170 176 183 189 195 201 207 212 219 0 0 0 0 0 0 0 0 0 0 
0 0 0 0 0 0 0 0 0 0 0 0 126 134 140 147 153 160 168 174 180 187 194 200 206 212 220 226 232 0 0 0 0 0 0 0 0 0 0 
0 0 0 0 0 0 0 0 0 0 0 0 0 141 148 156 162 170 177 183 191 197 204 211 218 225 232 237 245 0 0 0 0 0 0 0 0 0 0 
0 0 0 0 0 0 0 0 0 0 0 0 0 0 156 163 171 179 186 193 201 207 216 222 229 236 244 250 257 0 0 0 0 0 0 0 0 0 0 
0 0 0 0 0 0 0 0 0 0 0 0 0 0 0 172 179 188 195 203 210 219 225 234 240 248 255 262 270 0 0 0 0 0 0 0 0 0 0 
0 0 0 0 0 0 0 0 0 0 0 0 0 0 0 0 188 196 204 212 220 228 237 244 252 259 267 274 282 0 0 0 0 0 0 0 0 0 0 
0 0 0 0 0 0 0 0 0 0 0 0 0 0 0 0 0 205 213 222 230 239 247 255 262 270 278 287 294 0 0 0 0 0 0 0 0 0 0 
0 0 0 0 0 0 0 0 0 0 0 0 0 0 0 0 0 0 222 231 240 248 257 265 274 282 289 298 305 0 0 0 0 0 0 0 0 0 0 
0 0 0 0 0 0 0 0 0 0 0 0 0 0 0 0 0 0 0 240 249 257 266 276 284 292 301 309 318 0 0 0 0 0 0 0 0 0 0 
0 0 0 0 0 0 0 0 0 0 0 0 0 0 0 0 0 0 0 0 259 267 276 286 294 303 312 322 330 0 0 0 0 0 0 0 0 0 0 
0 0 0 0 0 0 0 0 0 0 0 0 0 0 0 0 0 0 0 0 0 277 286 296 305 315 323 332 342 0 0 0 0 0 0 0 0 0 0 
0 0 0 0 0 0 0 0 0 0 0 0 0 0 0 0 0 0 0 0 0 0 296 306 316 325 334 345 353 0 0 0 0 0 0 0 0 0 0 
0 0 0 0 0 0 0 0 0 0 0 0 0 0 0 0 0 0 0 0 0 0 0 316 325 335 345 356 364 0 0 0 0 0 0 0 0 0 0 
0 0 0 0 0 0 0 0 0 0 0 0 0 0 0 0 0 0 0 0 0 0 0 0 335 346 357 367 377 0 0 0 0 0 0 0 0 0 0 
0 0 0 0 0 0 0 0 0 0 0 0 0 0 0 0 0 0 0 0 0 0 0 0 0 357 366 377 388 0 0 0 0 0 0 0 0 0 0 
0 0 0 0 0 0 0 0 0 0 0 0 0 0 0 0 0 0 0 0 0 0 0 0 0 0 379 388 398 0 0 0 0 0 0 0 0 0 0 
0 0 0 0 0 0 0 0 0 0 0 0 0 0 0 0 0 0 0 0 0 0 0 0 0 0 0 399 410 0 0 0 0 0 0 0 0 0 0 
0 0 0 0 0 0 0 0 0 0 0 0 0 0 0 0 0 0 0 0 0 0 0 0 0 0 0 0 422 0 0 0 0 0 0 0 0 0 0 
0 0 0 0 0 0 0 0 0 0 0 0 0 0 0 0 0 0 0 0 0 0 0 0 0 0 0 0 0 0 0 0 0 0 0 0 0 0 0 
0 0 0 0 0 0 0 0 0 0 0 0 0 0 0 0 0 0 0 0 0 0 0 0 0 0 0 0 0 0 0 0 0 0 0 0 0 0 0 
0 0 0 0 0 0 0 0 0 0 0 0 0 0 0 0 0 0 0 0 0 0 0 0 0 0 0 0 0 0 0 0 0 0 0 0 0 0 0 
0 0 0 0 0 0 0 0 0 0 0 0 0 0 0 0 0 0 0 0 0 0 0 0 0 0 0 0 0 0 0 0 0 0 0 0 0 0 0 
0 0 0 0 0 0 0 0 0 0 0 0 0 0 0 0 0 0 0 0 0 0 0 0 0 0 0 0 0 0 0 0 0 0 0 0 0 0 0 
0 0 0 0 0 0 0 0 0 0 0 0 0 0 0 0 0 0 0 0 0 0 0 0 0 0 0 0 0 0 0 0 0 0 0 0 0 0 0 
0 0 0 0 0 0 0 0 0 0 0 0 0 0 0 0 0 0 0 0 0 0 0 0 0 0 0 0 0 0 0 0 0 0 0 0 0 0 0 
0 0 0 0 0 0 0 0 0 0 0 0 0 0 0 0 0 0 0 0 0 0 0 0 0 0 0 0 0 0 0 0 0 0 0 0 0 0 0 
0 0 0 0 0 0 0 0 0 0 0 0 0 0 0 0 0 0 0 0 0 0 0 0 0 0 0 0 0 0 0 0 0 0 0 0 0 0 0 
0 0 0 0 0 0 0 0 0 0 0 0 0 0 0 0 0 0 0 0 0 0 0 0 0 0 0 0 0 0 0 0 0 0 0 0 0 0 0 
