4 6 8 10 12 14 16 18 20 22 24 26 28 30 32 34 36 38 40 42 44 46 48 50 52 54 56 58 60 0 0 0 0 0 0 0 0 0 0 
0 9 12 15 18 21 24 27 30 33 36 39 42 45 48 51 54 57 60 63 66 69 72 75 78 81 84 87 90 0 0 0 0 0 0 0 0 0 0 
0 0 15 18 21 24 27 30 33 36 39 42 45 48 51 54 57 60 63 66 69 72 75 78 81 84 87 90 93 0 0 0 0 0 0 0 0 0 0 
0 0 0 22 26 30 33 37 41 45 48 52 56 60 63 66 69 72 75 78 81 84 87 90 93 96 99 102 105 0 0 0 0 0 0 0 0 0 0 
0 0 0 0 31 36 39 43 47 51 55 59 63 67 71 74 78 82 85 89 93 97 100 105 108 112 116 120 123 0 0 0 0 0 0 0 0 0 0 
0 0 0 0 0 42 45 49 53 58 63 67 72 77 82 86 90 95 100 105 108 112 115 120 123 127 131 134 138 0 0 0 0 0 0 0 0 0 0 
0 0 0 0 0 0 51 55 60 65 70 75 79 85 89 94 99 104 108 113 117 122 126 130 134 139 143 148 152 0 0 0 0 0 0 0 0 0 0 
0 0 0 0 0 0 0 61 67 72 77 82 87 93 98 103 108 113 118 123 127 132 137 142 147 152 156 160 166 0 0 0 0 0 0 0 0 0 0 
0 0 0 0 0 0 0 0 74 79 84 92 96 102 108 112 118 123 128 134 138 143 148 153 158 163 169 174 179 0 0 0 0 0 0 0 0 0 0 
0 0 0 0 0 0 0 0 0 85 91 97 104 109 115 122 127 133 137 143 149 154 160 165 171 177 181 187 192 0 0 0 0 0 0 0 0 0 0 
0 0 0 0 0 0 0 0 0 0 98 105 110 117 123 130 136 142 148 153 159 165 172 176 182 187 194 200 205 0 0 0 0 0 0 0 0 0 0 
0 0 0 0 0 0 0 0 0 0 0 111 118 125 131 137 144 151 157 163 169 176 182 187 193 201 207 212 217 0 0 0 0 0 0 0 0 0 0 
0 0 0 0 0 0 0 0 0 0 0 0 126 132 139 147 153 160 166 173 179 187 193 200 205 212 218 224 230 0 0 0 0 0 0 0 0 0 0 
0 0 0 0 0 0 0 0 0 0 0 0 0 140 148 154 162 169 177 183 190 196 203 209 216 224 231 236 243 0 0 0 0 0 0 0 0 0 0 
0 0 0 0 0 0 0 0 0 0 0 0 0 0 155 162 169 177 185 192 200 207 214 220 228 235 244 250 256 0 0 0 0 0 0 0 0 0 0 
0 0 0 0 0 0 0 0 0 0 0 0 0 0 0 170 178 186 193 202 209 217 224 234 239 248 254 262 270 0 0 0 0 0 0 0 0 0 0 
0 0 0 0 0 0 0 0 0 0 0 0 0 0 0 0 186 194 204 211 220 227 235 242 251 258 266 273 281 0 0 0 0 0 0 0 0 0 0 
0 0 0 0 0 0 0 0 0 0 0 0 0 0 0 0 0 203 212 220 229 238 245 254 262 270 277 287 292 0 0 0 0 0 0 0 0 0 0 
0 0 0 0 0 0 0 0 0 0 0 0 0 0 0 0 0 0 221 229 239 247 255 264 272 280 289 297 304 0 0 0 0 0 0 0 0 0 0 
0 0 0 0 0 0 0 0 0 0 0 0 0 0 0 0 0 0 0 239 247 257 265 274 284 291 299 307 317 0 0 0 0 0 0 0 0 0 0 
0 0 0 0 0 0 0 0 0 0 0 0 0 0 0 0 0 0 0 0 257 266 275 284 294 302 311 321 328 0 0 0 0 0 0 0 0 0 0 
0 0 0 0 0 0 0 0 0 0 0 0 0 0 0 0 0 0 0 0 0 276 286 294 303 314 323 331 339 0 0 0 0 0 0 0 0 0 0 
0 0 0 0 0 0 0 0 0 0 0 0 0 0 0 0 0 0 0 0 0 0 295 305 314 325 332 344 352 0 0 0 0 0 0 0 0 0 0 
0 0 0 0 0 0 0 0 0 0 0 0 0 0 0 0 0 0 0 0 0 0 0 313 324 335 345 353 364 0 0 0 0 0 0 0 0 0 0 
0 0 0 0 0 0 0 0 0 0 0 0 0 0 0 0 0 0 0 0 0 0 0 0 334 345 354 365 375 0 0 0 0 0 0 0 0 0 0 
0 0 0 0 0 0 0 0 0 0 0 0 0 0 0 0 0 0 0 0 0 0 0 0 0 355 365 375 386 0 0 0 0 0 0 0 0 0 0 
0 0 0 0 0 0 0 0 0 0 0 0 0 0 0 0 0 0 0 0 0 0 0 0 0 0 376 387 397 0 0 0 0 0 0 0 0 0 0 
0 0 0 0 0 0 0 0 0 0 0 0 0 0 0 0 0 0 0 0 0 0 0 0 0 0 0 398 409 0 0 0 0 0 0 0 0 0 0 
0 0 0 0 0 0 0 0 0 0 0 0 0 0 0 0 0 0 0 0 0 0 0 0 0 0 0 0 421 0 0 0 0 0 0 0 0 0 0 
0 0 0 0 0 0 0 0 0 0 0 0 0 0 0 0 0 0 0 0 0 0 0 0 0 0 0 0 0 0 0 0 0 0 0 0 0 0 0 
0 0 0 0 0 0 0 0 0 0 0 0 0 0 0 0 0 0 0 0 0 0 0 0 0 0 0 0 0 0 0 0 0 0 0 0 0 0 0 
0 0 0 0 0 0 0 0 0 0 0 0 0 0 0 0 0 0 0 0 0 0 0 0 0 0 0 0 0 0 0 0 0 0 0 0 0 0 0 
0 0 0 0 0 0 0 0 0 0 0 0 0 0 0 0 0 0 0 0 0 0 0 0 0 0 0 0 0 0 0 0 0 0 0 0 0 0 0 
0 0 0 0 0 0 0 0 0 0 0 0 0 0 0 0 0 0 0 0 0 0 0 0 0 0 0 0 0 0 0 0 0 0 0 0 0 0 0 
0 0 0 0 0 0 0 0 0 0 0 0 0 0 0 0 0 0 0 0 0 0 0 0 0 0 0 0 0 0 0 0 0 0 0 0 0 0 0 
0 0 0 0 0 0 0 0 0 0 0 0 0 0 0 0 0 0 0 0 0 0 0 0 0 0 0 0 0 0 0 0 0 0 0 0 0 0 0 
0 0 0 0 0 0 0 0 0 0 0 0 0 0 0 0 0 0 0 0 0 0 0 0 0 0 0 0 0 0 0 0 0 0 0 0 0 0 0 
0 0 0 0 0 0 0 0 0 0 0 0 0 0 0 0 0 0 0 0 0 0 0 0 0 0 0 0 0 0 0 0 0 0 0 0 0 0 0 
0 0 0 0 0 0 0 0 0 0 0 0 0 0 0 0 0 0 0 0 0 0 0 0 0 0 0 0 0 0 0 0 0 0 0 0 0 0 0 
