4 6 8 10 12 14 16 18 20 22 24 26 28 30 32 34 36 38 40 42 44 46 48 50 52 54 56 58 60 0 0 0 0 0 0 0 0 0 0 
0 9 12 15 18 21 24 27 30 33 36 39 42 45 48 51 54 57 60 63 66 69 72 75 78 81 84 87 90 0 0 0 0 0 0 0 0 0 0 
0 0 15 18 21 24 27 30 33 36 39 42 45 48 51 54 57 60 63 66 69 72 75 78 81 84 87 90 93 0 0 0 0 0 0 0 0 0 0 
0 0 0 22 26 30 33 37 41 45 48 52 56 60 63 66 69 72 75 78 81 84 87 90 93 96 99 102 105 0 0 0 0 0 0 0 0 0 0 
0 0 0 0 31 36 39 43 47 51 55 59 63 67 70 74 78 82 86 90 93 97 101 104 108 112 116 119 123 0 0 0 0 0 0 0 0 0 0 
0 0 0 0 0 42 45 49 53 58 63 67 72 77 82 86 90 95 100 105 108 112 116 120 123 127 131 134 138 0 0 0 0 0 0 0 0 0 0 
0 0 0 0 0 0 51 55 60 65 70 75 80 85 89 94 99 103 109 113 118 122 126 130 134 139 143 147 152 0 0 0 0 0 0 0 0 0 0 
0 0 0 0 0 0 0 61 67 72 77 82 87 93 98 104 108 113 118 123 128 133 137 142 146 152 155 161 165 0 0 0 0 0 0 0 0 0 0 
0 0 0 0 0 0 0 0 74 79 84 90 95 103 108 112 118 124 128 133 138 143 149 153 159 164 169 174 179 0 0 0 0 0 0 0 0 0 0 
0 0 0 0 0 0 0 0 0 85 91 98 103 109 116 120 126 131 137 142 149 155 160 166 171 176 182 186 191 0 0 0 0 0 0 0 0 0 0 
0 0 0 0 0 0 0 0 0 0 98 106 110 117 123 129 136 141 147 153 158 165 171 177 182 188 194 201 205 0 0 0 0 0 0 0 0 0 0 
0 0 0 0 0 0 0 0 0 0 0 113 118 125 132 138 144 150 158 163 169 176 182 188 194 201 206 212 218 0 0 0 0 0 0 0 0 0 0 
0 0 0 0 0 0 0 0 0 0 0 0 125 133 139 146 153 159 167 173 180 186 194 199 206 212 218 224 230 0 0 0 0 0 0 0 0 0 0 
0 0 0 0 0 0 0 0 0 0 0 0 0 139 147 154 162 168 176 183 189 196 204 209 216 224 230 237 245 0 0 0 0 0 0 0 0 0 0 
0 0 0 0 0 0 0 0 0 0 0 0 0 0 155 162 170 177 185 192 199 207 215 221 229 235 242 250 257 0 0 0 0 0 0 0 0 0 0 
0 0 0 0 0 0 0 0 0 0 0 0 0 0 0 170 178 187 195 202 209 218 224 231 239 246 253 261 268 0 0 0 0 0 0 0 0 0 0 
0 0 0 0 0 0 0 0 0 0 0 0 0 0 0 0 187 195 204 211 220 228 235 243 252 257 265 273 280 0 0 0 0 0 0 0 0 0 0 
0 0 0 0 0 0 0 0 0 0 0 0 0 0 0 0 0 203 212 220 229 237 245 253 260 270 277 285 293 0 0 0 0 0 0 0 0 0 0 
0 0 0 0 0 0 0 0 0 0 0 0 0 0 0 0 0 0 220 229 238 247 255 264 273 280 289 297 304 0 0 0 0 0 0 0 0 0 0 
0 0 0 0 0 0 0 0 0 0 0 0 0 0 0 0 0 0 0 238 248 257 266 275 282 291 300 309 317 0 0 0 0 0 0 0 0 0 0 
0 0 0 0 0 0 0 0 0 0 0 0 0 0 0 0 0 0 0 0 257 266 276 283 293 303 312 320 330 0 0 0 0 0 0 0 0 0 0 
0 0 0 0 0 0 0 0 0 0 0 0 0 0 0 0 0 0 0 0 0 277 286 294 303 313 323 330 340 0 0 0 0 0 0 0 0 0 0 
0 0 0 0 0 0 0 0 0 0 0 0 0 0 0 0 0 0 0 0 0 0 294 304 314 323 333 341 351 0 0 0 0 0 0 0 0 0 0 
0 0 0 0 0 0 0 0 0 0 0 0 0 0 0 0 0 0 0 0 0 0 0 315 324 334 345 354 363 0 0 0 0 0 0 0 0 0 0 
0 0 0 0 0 0 0 0 0 0 0 0 0 0 0 0 0 0 0 0 0 0 0 0 335 343 355 365 376 0 0 0 0 0 0 0 0 0 0 
0 0 0 0 0 0 0 0 0 0 0 0 0 0 0 0 0 0 0 0 0 0 0 0 0 355 365 375 386 0 0 0 0 0 0 0 0 0 0 
0 0 0 0 0 0 0 0 0 0 0 0 0 0 0 0 0 0 0 0 0 0 0 0 0 0 377 387 397 0 0 0 0 0 0 0 0 0 0 
0 0 0 0 0 0 0 0 0 0 0 0 0 0 0 0 0 0 0 0 0 0 0 0 0 0 0 397 408 0 0 0 0 0 0 0 0 0 0 
0 0 0 0 0 0 0 0 0 0 0 0 0 0 0 0 0 0 0 0 0 0 0 0 0 0 0 0 420 0 0 0 0 0 0 0 0 0 0 
0 0 0 0 0 0 0 0 0 0 0 0 0 0 0 0 0 0 0 0 0 0 0 0 0 0 0 0 0 0 0 0 0 0 0 0 0 0 0 
0 0 0 0 0 0 0 0 0 0 0 0 0 0 0 0 0 0 0 0 0 0 0 0 0 0 0 0 0 0 0 0 0 0 0 0 0 0 0 
0 0 0 0 0 0 0 0 0 0 0 0 0 0 0 0 0 0 0 0 0 0 0 0 0 0 0 0 0 0 0 0 0 0 0 0 0 0 0 
0 0 0 0 0 0 0 0 0 0 0 0 0 0 0 0 0 0 0 0 0 0 0 0 0 0 0 0 0 0 0 0 0 0 0 0 0 0 0 
0 0 0 0 0 0 0 0 0 0 0 0 0 0 0 0 0 0 0 0 0 0 0 0 0 0 0 0 0 0 0 0 0 0 0 0 0 0 0 
0 0 0 0 0 0 0 0 0 0 0 0 0 0 0 0 0 0 0 0 0 0 0 0 0 0 0 0 0 0 0 0 0 0 0 0 0 0 0 
0 0 0 0 0 0 0 0 0 0 0 0 0 0 0 0 0 0 0 0 0 0 0 0 0 0 0 0 0 0 0 0 0 0 0 0 0 0 0 
0 0 0 0 0 0 0 0 0 0 0 0 0 0 0 0 0 0 0 0 0 0 0 0 0 0 0 0 0 0 0 0 0 0 0 0 0 0 0 
0 0 0 0 0 0 0 0 0 0 0 0 0 0 0 0 0 0 0 0 0 0 0 0 0 0 0 0 0 0 0 0 0 0 0 0 0 0 0 
0 0 0 0 0 0 0 0 0 0 0 0 0 0 0 0 0 0 0 0 0 0 0 0 0 0 0 0 0 0 0 0 0 0 0 0 0 0 0 
