4 6 8 10 12 14 16 18 20 22 24 26 28 30 32 34 36 38 40 42 44 46 48 50 52 54 56 58 60 0 0 0 0 0 0 0 0 0 0 
0 9 12 15 18 21 24 27 30 33 36 39 42 45 48 51 54 57 60 63 66 69 72 75 78 81 84 87 90 0 0 0 0 0 0 0 0 0 0 
0 0 15 18 21 24 27 30 33 36 39 42 45 48 51 54 57 60 63 66 69 72 75 78 81 84 87 90 93 0 0 0 0 0 0 0 0 0 0 
0 0 0 22 26 30 33 37 41 45 48 52 56 60 63 66 69 72 75 78 81 84 87 90 93 96 99 102 105 0 0 0 0 0 0 0 0 0 0 
0 0 0 0 31 36 39 43 47 51 55 59 63 67 70 74 78 82 86 89 93 97 101 105 108 112 115 119 123 0 0 0 0 0 0 0 0 0 0 
0 0 0 0 0 42 45 49 54 58 63 67 72 77 82 87 90 95 100 105 108 112 116 120 123 127 130 135 138 0 0 0 0 0 0 0 0 0 0 
0 0 0 0 0 0 51 55 60 65 69 75 80 85 90 94 99 104 109 113 117 121 126 130 135 139 143 148 152 0 0 0 0 0 0 0 0 0 0 
0 0 0 0 0 0 0 61 67 72 78 82 88 94 98 103 108 113 118 123 127 133 137 142 146 152 156 161 165 0 0 0 0 0 0 0 0 0 0 
0 0 0 0 0 0 0 0 74 78 84 90 97 103 108 112 117 124 128 132 138 143 149 153 158 163 169 174 179 0 0 0 0 0 0 0 0 0 0 
0 0 0 0 0 0 0 0 0 84 91 98 103 109 115 120 126 132 137 143 150 153 160 165 170 176 181 187 193 0 0 0 0 0 0 0 0 0 0 
0 0 0 0 0 0 0 0 0 0 98 104 111 116 123 130 136 141 147 153 159 165 170 177 182 189 194 199 206 0 0 0 0 0 0 0 0 0 0 
0 0 0 0 0 0 0 0 0 0 0 112 118 125 132 138 144 151 157 164 170 176 183 188 194 200 206 212 218 0 0 0 0 0 0 0 0 0 0 
0 0 0 0 0 0 0 0 0 0 0 0 126 132 140 146 153 159 166 174 179 185 193 200 206 211 218 224 231 0 0 0 0 0 0 0 0 0 0 
0 0 0 0 0 0 0 0 0 0 0 0 0 139 147 155 162 169 175 182 190 196 203 210 217 224 230 237 243 0 0 0 0 0 0 0 0 0 0 
0 0 0 0 0 0 0 0 0 0 0 0 0 0 155 162 169 177 185 192 201 207 214 221 228 236 243 248 255 0 0 0 0 0 0 0 0 0 0 
0 0 0 0 0 0 0 0 0 0 0 0 0 0 0 170 178 187 195 201 209 218 225 230 240 248 253 261 269 0 0 0 0 0 0 0 0 0 0 
0 0 0 0 0 0 0 0 0 0 0 0 0 0 0 0 186 195 203 211 220 227 235 244 251 257 265 274 282 0 0 0 0 0 0 0 0 0 0 
0 0 0 0 0 0 0 0 0 0 0 0 0 0 0 0 0 203 213 221 230 236 246 253 261 269 278 285 292 0 0 0 0 0 0 0 0 0 0 
0 0 0 0 0 0 0 0 0 0 0 0 0 0 0 0 0 0 221 230 238 247 257 264 271 280 287 296 305 0 0 0 0 0 0 0 0 0 0 
0 0 0 0 0 0 0 0 0 0 0 0 0 0 0 0 0 0 0 240 249 256 265 275 282 291 300 308 316 0 0 0 0 0 0 0 0 0 0 
0 0 0 0 0 0 0 0 0 0 0 0 0 0 0 0 0 0 0 0 256 266 275 286 294 302 311 319 328 0 0 0 0 0 0 0 0 0 0 
0 0 0 0 0 0 0 0 0 0 0 0 0 0 0 0 0 0 0 0 0 275 284 296 304 313 321 331 341 0 0 0 0 0 0 0 0 0 0 
0 0 0 0 0 0 0 0 0 0 0 0 0 0 0 0 0 0 0 0 0 0 295 305 316 325 333 345 352 0 0 0 0 0 0 0 0 0 0 
0 0 0 0 0 0 0 0 0 0 0 0 0 0 0 0 0 0 0 0 0 0 0 314 325 334 345 354 364 0 0 0 0 0 0 0 0 0 0 
0 0 0 0 0 0 0 0 0 0 0 0 0 0 0 0 0 0 0 0 0 0 0 0 335 345 356 364 374 0 0 0 0 0 0 0 0 0 0 
0 0 0 0 0 0 0 0 0 0 0 0 0 0 0 0 0 0 0 0 0 0 0 0 0 356 366 374 386 0 0 0 0 0 0 0 0 0 0 
0 0 0 0 0 0 0 0 0 0 0 0 0 0 0 0 0 0 0 0 0 0 0 0 0 0 377 387 398 0 0 0 0 0 0 0 0 0 0 
0 0 0 0 0 0 0 0 0 0 0 0 0 0 0 0 0 0 0 0 0 0 0 0 0 0 0 398 408 0 0 0 0 0 0 0 0 0 0 
0 0 0 0 0 0 0 0 0 0 0 0 0 0 0 0 0 0 0 0 0 0 0 0 0 0 0 0 420 0 0 0 0 0 0 0 0 0 0 
0 0 0 0 0 0 0 0 0 0 0 0 0 0 0 0 0 0 0 0 0 0 0 0 0 0 0 0 0 0 0 0 0 0 0 0 0 0 0 
0 0 0 0 0 0 0 0 0 0 0 0 0 0 0 0 0 0 0 0 0 0 0 0 0 0 0 0 0 0 0 0 0 0 0 0 0 0 0 
0 0 0 0 0 0 0 0 0 0 0 0 0 0 0 0 0 0 0 0 0 0 0 0 0 0 0 0 0 0 0 0 0 0 0 0 0 0 0 
0 0 0 0 0 0 0 0 0 0 0 0 0 0 0 0 0 0 0 0 0 0 0 0 0 0 0 0 0 0 0 0 0 0 0 0 0 0 0 
0 0 0 0 0 0 0 0 0 0 0 0 0 0 0 0 0 0 0 0 0 0 0 0 0 0 0 0 0 0 0 0 0 0 0 0 0 0 0 
0 0 0 0 0 0 0 0 0 0 0 0 0 0 0 0 0 0 0 0 0 0 0 0 0 0 0 0 0 0 0 0 0 0 0 0 0 0 0 
0 0 0 0 0 0 0 0 0 0 0 0 0 0 0 0 0 0 0 0 0 0 0 0 0 0 0 0 0 0 0 0 0 0 0 0 0 0 0 
0 0 0 0 0 0 0 0 0 0 0 0 0 0 0 0 0 0 0 0 0 0 0 0 0 0 0 0 0 0 0 0 0 0 0 0 0 0 0 
0 0 0 0 0 0 0 0 0 0 0 0 0 0 0 0 0 0 0 0 0 0 0 0 0 0 0 0 0 0 0 0 0 0 0 0 0 0 0 
0 0 0 0 0 0 0 0 0 0 0 0 0 0 0 0 0 0 0 0 0 0 0 0 0 0 0 0 0 0 0 0 0 0 0 0 0 0 0 
