4 6 8 10 12 14 16 18 20 22 24 26 28 30 32 34 36 38 40 42 44 46 48 50 52 54 56 58 60 0 0 0 0 0 0 0 0 0 0 
0 9 12 15 18 21 24 27 30 33 36 39 42 45 48 51 54 57 60 63 66 69 72 75 78 81 84 87 90 0 0 0 0 0 0 0 0 0 0 
0 0 15 18 21 24 27 30 33 36 39 42 45 48 51 54 57 60 63 66 69 72 75 78 81 84 87 90 93 0 0 0 0 0 0 0 0 0 0 
0 0 0 22 26 30 33 37 41 45 48 52 56 60 63 66 69 72 75 78 81 84 87 90 93 96 99 102 105 0 0 0 0 0 0 0 0 0 0 
0 0 0 0 31 36 39 43 47 51 55 59 63 67 70 74 78 82 86 90 93 97 101 105 108 111 116 119 123 0 0 0 0 0 0 0 0 0 0 
0 0 0 0 0 42 45 49 53 58 63 67 72 77 82 87 90 95 100 105 108 112 116 119 123 127 130 134 138 0 0 0 0 0 0 0 0 0 0 
0 0 0 0 0 0 51 55 60 65 70 75 80 85 89 94 99 104 108 114 118 122 126 130 135 140 143 148 152 0 0 0 0 0 0 0 0 0 0 
0 0 0 0 0 0 0 61 67 72 77 82 88 93 98 103 108 113 118 122 127 133 138 142 147 152 156 162 165 0 0 0 0 0 0 0 0 0 0 
0 0 0 0 0 0 0 0 74 79 84 90 96 101 108 113 120 123 128 134 138 143 148 153 159 164 169 175 180 0 0 0 0 0 0 0 0 0 0 
0 0 0 0 0 0 0 0 0 86 92 97 103 109 116 121 126 132 138 144 148 154 159 166 170 177 182 188 192 0 0 0 0 0 0 0 0 0 0 
0 0 0 0 0 0 0 0 0 0 97 104 110 119 123 130 136 142 148 154 159 166 170 177 183 188 194 200 206 0 0 0 0 0 0 0 0 0 0 
0 0 0 0 0 0 0 0 0 0 0 111 118 124 131 138 144 150 157 163 169 176 183 188 193 200 206 212 218 0 0 0 0 0 0 0 0 0 0 
0 0 0 0 0 0 0 0 0 0 0 0 126 132 139 146 153 160 168 173 179 185 194 199 205 212 218 226 230 0 0 0 0 0 0 0 0 0 0 
0 0 0 0 0 0 0 0 0 0 0 0 0 139 147 155 161 168 177 183 190 196 202 209 218 223 230 237 242 0 0 0 0 0 0 0 0 0 0 
0 0 0 0 0 0 0 0 0 0 0 0 0 0 156 163 170 178 185 193 200 206 215 222 228 235 241 249 255 0 0 0 0 0 0 0 0 0 0 
0 0 0 0 0 0 0 0 0 0 0 0 0 0 0 171 178 186 194 201 209 217 225 232 239 246 255 261 269 0 0 0 0 0 0 0 0 0 0 
0 0 0 0 0 0 0 0 0 0 0 0 0 0 0 0 187 195 202 212 219 227 234 242 250 258 265 273 281 0 0 0 0 0 0 0 0 0 0 
0 0 0 0 0 0 0 0 0 0 0 0 0 0 0 0 0 203 212 220 229 239 246 253 260 269 276 284 292 0 0 0 0 0 0 0 0 0 0 
0 0 0 0 0 0 0 0 0 0 0 0 0 0 0 0 0 0 221 229 239 246 255 264 273 281 289 296 304 0 0 0 0 0 0 0 0 0 0 
0 0 0 0 0 0 0 0 0 0 0 0 0 0 0 0 0 0 0 240 248 257 264 275 283 292 301 308 318 0 0 0 0 0 0 0 0 0 0 
0 0 0 0 0 0 0 0 0 0 0 0 0 0 0 0 0 0 0 0 259 266 275 283 293 301 311 322 328 0 0 0 0 0 0 0 0 0 0 
0 0 0 0 0 0 0 0 0 0 0 0 0 0 0 0 0 0 0 0 0 276 285 296 305 315 322 330 340 0 0 0 0 0 0 0 0 0 0 
0 0 0 0 0 0 0 0 0 0 0 0 0 0 0 0 0 0 0 0 0 0 296 304 314 324 333 343 352 0 0 0 0 0 0 0 0 0 0 
0 0 0 0 0 0 0 0 0 0 0 0 0 0 0 0 0 0 0 0 0 0 0 313 324 334 344 354 363 0 0 0 0 0 0 0 0 0 0 
0 0 0 0 0 0 0 0 0 0 0 0 0 0 0 0 0 0 0 0 0 0 0 0 334 344 354 364 376 0 0 0 0 0 0 0 0 0 0 
0 0 0 0 0 0 0 0 0 0 0 0 0 0 0 0 0 0 0 0 0 0 0 0 0 355 366 375 388 0 0 0 0 0 0 0 0 0 0 
0 0 0 0 0 0 0 0 0 0 0 0 0 0 0 0 0 0 0 0 0 0 0 0 0 0 376 386 398 0 0 0 0 0 0 0 0 0 0 
0 0 0 0 0 0 0 0 0 0 0 0 0 0 0 0 0 0 0 0 0 0 0 0 0 0 0 399 409 0 0 0 0 0 0 0 0 0 0 
0 0 0 0 0 0 0 0 0 0 0 0 0 0 0 0 0 0 0 0 0 0 0 0 0 0 0 0 421 0 0 0 0 0 0 0 0 0 0 
0 0 0 0 0 0 0 0 0 0 0 0 0 0 0 0 0 0 0 0 0 0 0 0 0 0 0 0 0 0 0 0 0 0 0 0 0 0 0 
0 0 0 0 0 0 0 0 0 0 0 0 0 0 0 0 0 0 0 0 0 0 0 0 0 0 0 0 0 0 0 0 0 0 0 0 0 0 0 
0 0 0 0 0 0 0 0 0 0 0 0 0 0 0 0 0 0 0 0 0 0 0 0 0 0 0 0 0 0 0 0 0 0 0 0 0 0 0 
0 0 0 0 0 0 0 0 0 0 0 0 0 0 0 0 0 0 0 0 0 0 0 0 0 0 0 0 0 0 0 0 0 0 0 0 0 0 0 
0 0 0 0 0 0 0 0 0 0 0 0 0 0 0 0 0 0 0 0 0 0 0 0 0 0 0 0 0 0 0 0 0 0 0 0 0 0 0 
0 0 0 0 0 0 0 0 0 0 0 0 0 0 0 0 0 0 0 0 0 0 0 0 0 0 0 0 0 0 0 0 0 0 0 0 0 0 0 
0 0 0 0 0 0 0 0 0 0 0 0 0 0 0 0 0 0 0 0 0 0 0 0 0 0 0 0 0 0 0 0 0 0 0 0 0 0 0 
0 0 0 0 0 0 0 0 0 0 0 0 0 0 0 0 0 0 0 0 0 0 0 0 0 0 0 0 0 0 0 0 0 0 0 0 0 0 0 
0 0 0 0 0 0 0 0 0 0 0 0 0 0 0 0 0 0 0 0 0 0 0 0 0 0 0 0 0 0 0 0 0 0 0 0 0 0 0 
0 0 0 0 0 0 0 0 0 0 0 0 0 0 0 0 0 0 0 0 0 0 0 0 0 0 0 0 0 0 0 0 0 0 0 0 0 0 0 
