8 8 8 8 8 8 8 8 8 8 8 8 8 8 8 8 8 8 8 8 8 8 8 8 8 8 8 8 8 8 8 8 8 8 8 8 8 8 8
10 12 12 12 12 12 12 12 12 12 12 12 12 12 12 12 12 12 12 12 12 12 12 12 12 12 12 12 12 12 12 12 12 12 12 12 12 12 12
10 15 16 19 22 25 28 31 34 37 40 43 46 49 52 55 58 61 64 67 70 73 76 79 82 85 88 91 94 97 100 103 106 109 112 115 118 121 124
10 15 20 23 27 31 35 38 42 46 50 53 57 61 65 68 72 76 80 83 86 89 92 95 98 101 104 107 110 113 116 119 122 125 128 131 134 137 140
10 15 20 27 32 37 42 46 51 55 60 63 67 71 75 78 82 86 90 93 97 101 105 108 112 116 120 123 127 131 135 138 142 146 150 153 157 161 165
10 15 20 31 37 43 49 53 58 63 67 72 77 81 86 90 95 99 104 108 113 117 122 126 131 135 140 143 147 151 155 158 162 166 170 173 177 181 185
10 15 20 35 42 49 56 61 66 71 77 82 87 92 97 102 107 112 117 121 126 131 136 140 145 149 154 158 163 167 172 176 181 185 190 194 199 203 208
10 15 20 39 46 54 61 68 74 80 86 92 98 103 109 114 119 124 130 135 140 145 151 156 161 166 172 177 182 187 193 198 203 207 212 216 221 225 230
10 15 20 43 51 60 67 74 81 88 94 101 107 113 120 126 132 138 144 150 156 161 168 173 178 183 189 194 199 204 210 215 220 225 231 236 241 246 252
10 15 20 47 56 65 72 81 90 96 103 110 117 124 131 137 143 150 156 162 168 175 181 187 193 199 205 211 217 223 229 235 241 247 253 259 265 270 276
10 15 20 51 61 70 78 87 97 106 113 120 128 135 142 149 156 163 170 177 183 190 197 204 210 217 224 230 236 242 248 254 260 266 272 278 284 290 296
10 15 20 55 66 75 84 94 104 113 122 129 137 145 153 161 168 175 182 190 197 204 213 219 226 233 240 246 253 260 267 273 280 287 294 300 307 314 321
10 15 20 59 70 79 89 100 111 120 130 140 148 156 165 173 181 188 196 204 211 219 227 235 242 250 257 265 272 280 287 294 301 307 314 321 328 334 341
10 15 20 63 75 84 95 106 117 167 176 150 193 201 177 185 226 234 210 218 227 235 243 251 260 267 275 282 290 297 305 312 320 327 335 342 350 357 365
10 15 20 67 80 89 100 113 124 135 146 158 169 179 187 197 205 214 222 231 239 248 258 266 275 283 291 299 308 316 324 332 341 349 356 364 371 379 386
10 15 20 71 85 94 106 119 130 142 154 166 178 189 199 209 218 228 237 246 255 264 273 282 291 300 309 318 326 335 343 351 359 368 376 384 392 401 409
10 15 20 75 90 99 112 126 136 149 162 174 187 200 210 221 231 240 250 260 270 279 289 299 308 317 326 335 344 353 362 371 380 389 398 407 415 423 432
10 15 20 79 94 103 117 131 143 156 170 182 195 209 222 232 243 253 264 274 284 294 304 314 323 333 343 353 362 372 381 390 399 408 417 426 435 444 453
10 15 20 83 98 108 123 137 149 163 177 190 204 218 231 244 255 266 277 288 298 309 319 330 340 351 361 370 380 390 400 409 419 429 439 448 458 468 477
10 15 20 87 102 113 128 142 156 171 185 198 213 227 241 255 268 279 290 302 313 324 335 346 356 367 377 388 398 409 419 430 440 450 459 469 479 489 498
10 15 20 91 106 118 134 148 162 178 192 206 222 236 250 266 280 292 304 316 327 339 350 361 372 384 395 406 417 427 438 448 459 469 480 490 501 511 522
10 15 20 95 110 123 140 154 168 185 199 214 231 245 260 276 291 305 317 329 341 353 365 377 389 401 412 423 434 446 457 468 479 491 501 512 522 533 543
10 15 20 99 114 127 145 159 175 192 206 222 239 254 270 286 301 317 330 343 356 369 381 393 405 417 429 441 453 465 476 488 499 510 521 533 544 555 566
10 15 20 103 118 132 151 165 181 199 213 230 247 262 279 296 311 328 344 357 370 383 396 409 421 434 447 459 471 483 495 507 519 531 543 555 566 577 589
10 15 20 107 122 137 156 170 188 206 221 238 255 271 289 305 322 339 356 371 384 398 411 425 438 451 463 476 489 502 514 527 539 551 563 575 587 599 611
10 15 20 111 126 142 162 176 194 212 228 246 263 280 298 315 332 351 367 384 399 413 427 440 454 467 481 494 507 520 533 546 558 571 584 597 609 622 634
10 15 20 115 130 147 168 182 200 218 235 254 271 289 308 325 343 361 378 396 413 428 442 456 470 484 498 511 525 538 552 565 579 592 605 618 630 643 656
10 15 20 119 134 151 172 187 207 225 242 262 279 298 317 334 353 372 389 408 426 443 458 472 486 501 515 529 543 558 571 585 598 612 625 639 652 666 679
10 15 20 123 138 156 177 193 213 231 249 270 287 306 326 344 363 382 401 420 438 457 473 488 503 518 533 547 561 576 590 604 618 633 647 660 674 687 701
10 15 20 127 142 161 182 198 220 238 257 278 295 315 335 353 374 392 412 432 450 470 488 504 519 534 549 564 579 594 609 624 638 652 667 681 695 709 724
10 15 20 131 146 166 187 204 226 244 264 285 303 324 344 363 384 403 423 443 462 483 503 519 535 551 567 582 598 613 628 643 658 673 688 703 717 732 746
10 15 20 135 150 171 192 210 232 250 271 292 311 333 352 373 394 413 434 454 474 496 515 535 552 568 584 600 616 631 647 663 678 693 708 723 738 753 768
10 15 20 139 154 175 196 215 239 257 278 299 319 342 361 382 404 424 445 466 486 508 528 549 568 584 601 617 634 650 666 682 698 713 729 745 761 776 791
10 15 20 143 158 180 201 221 245 263 285 307 327 350 370 392 413 434 457 477 498 520 541 563 584 601 619 635 652 668 685 701 718 734 750 766 782 797 813
10 15 20 147 162 185 206 226 252 270 293 314 335 359 379 401 423 444 468 488 510 532 554 577 598 618 636 653 670 687 705 721 738 754 771 787 804 820 836
10 15 20 151 166 190 211 232 257 276 300 321 343 367 388 411 433 455 478 499 522 544 567 590 611 634 653 671 689 706 723 740 758 775 792 809 825 842 858
10 15 20 155 170 195 216 238 263 282 307 328 351 375 396 421 442 465 489 510 534 556 579 603 625 648 670 688 706 724 742 760 778 795 812 829 847 864 881
10 15 20 159 174 199 220 243 268 289 314 335 359 383 405 430 452 476 499 522 546 568 592 615 638 663 685 706 725 743 761 779 797 815 833 851 869 886 903
10 15 20 163 178 204 225 249 274 295 321 343 367 391 414 440 461 486 509 533 558 580 605 628 652 677 699 724 743 761 780 799 818 836 854 872 890 908 926
