4 6 7 8 9 10 11 12 13 14 15 16 17 18 19 20 21 22 23 24 25 26 27 28 29 30 31 32 33 0 0 0 0 0 0 0 0 0 0 
6 9 10 12 13 15 16 18 19 20 21 22 23 24 25 26 27 28 29 30 31 32 33 34 35 36 37 38 39 0 0 0 0 0 0 0 0 0 0 
8 12 13 16 17 19 21 22 24 25 27 28 30 31 33 34 36 37 38 39 40 41 42 43 44 45 46 47 48 0 0 0 0 0 0 0 0 0 0 
10 15 16 20 21 23 26 27 30 31 33 34 36 37 39 40 42 43 45 46 48 49 51 52 54 55 57 58 60 0 0 0 0 0 0 0 0 0 0 
12 18 19 23 25 27 30 32 35 37 39 40 42 44 46 48 49 51 52 54 55 57 58 60 61 63 64 66 67 0 0 0 0 0 0 0 0 0 0 
14 21 22 26 29 31 35 37 40 42 44 46 49 51 53 55 57 58 60 63 64 66 67 69 70 72 73 75 76 0 0 0 0 0 0 0 0 0 0 
16 24 25 29 33 35 40 42 45 48 50 52 56 57 59 62 64 66 68 70 72 74 76 78 80 81 83 85 86 0 0 0 0 0 0 0 0 0 0 
18 27 28 32 37 39 44 47 50 54 56 58 62 64 66 69 72 73 75 78 80 82 84 86 88 90 92 94 96 0 0 0 0 0 0 0 0 0 0 
20 30 31 35 41 43 48 52 55 60 61 64 68 71 73 75 78 81 83 85 88 90 92 95 97 99 101 103 105 0 0 0 0 0 0 0 0 0 0 
22 33 34 38 45 47 52 57 60 66 67 70 74 77 79 82 85 88 90 93 96 98 100 103 105 108 110 112 114 0 0 0 0 0 0 0 0 0 0 
24 36 37 41 48 51 56 61 65 71 73 76 80 84 86 89 92 96 98 101 104 106 109 111 114 116 119 121 123 0 0 0 0 0 0 0 0 0 0 
26 39 40 44 52 55 60 66 70 76 78 81 86 91 93 96 99 103 106 108 111 114 117 119 122 125 127 130 133 0 0 0 0 0 0 0 0 0 0 
28 42 43 47 56 59 64 71 75 81 84 87 92 98 99 102 106 110 113 116 119 122 125 128 130 133 136 139 142 0 0 0 0 0 0 0 0 0 0 
30 45 46 50 60 63 68 75 80 86 90 93 98 105 106 109 113 117 121 124 126 130 133 136 139 142 145 148 151 0 0 0 0 0 0 0 0 0 0 
32 48 49 53 63 67 72 80 85 91 96 98 103 110 112 116 120 124 128 130 133 138 141 145 148 150 153 157 160 0 0 0 0 0 0 0 0 0 0 
34 51 52 56 66 71 76 85 90 96 102 104 108 115 118 122 126 131 136 138 141 146 149 153 156 159 161 165 168 0 0 0 0 0 0 0 0 0 0 
36 54 55 59 69 75 80 90 94 101 108 110 113 120 124 128 132 138 143 145 149 153 157 161 164 167 170 174 177 0 0 0 0 0 0 0 0 0 0 
38 57 58 62 72 79 84 94 98 106 114 116 118 125 130 135 138 145 150 153 156 160 164 169 173 175 178 182 186 0 0 0 0 0 0 0 0 0 0 
40 60 61 65 75 83 88 98 103 111 120 122 124 130 136 141 144 152 157 160 163 167 172 177 181 183 187 191 194 0 0 0 0 0 0 0 0 0 0 
42 63 64 68 78 87 92 102 108 116 126 128 130 135 142 147 151 158 163 167 170 174 179 185 189 192 195 199 203 0 0 0 0 0 0 0 0 0 0 
44 66 67 71 81 91 96 106 113 121 132 134 136 141 148 153 157 164 169 173 177 181 186 192 197 200 204 207 211 0 0 0 0 0 0 0 0 0 0 
46 69 70 74 84 95 100 110 118 125 136 139 142 147 154 159 163 170 175 180 184 188 193 199 204 208 212 216 220 0 0 0 0 0 0 0 0 0 0 
48 72 73 77 87 98 104 114 123 129 140 144 148 153 160 165 169 176 181 186 191 195 200 206 211 216 220 224 228 0 0 0 0 0 0 0 0 0 0 
50 75 76 80 90 102 108 118 127 133 144 149 154 159 166 171 175 181 187 192 198 202 207 213 219 224 228 232 236 0 0 0 0 0 0 0 0 0 0 
52 78 79 83 93 106 112 122 131 138 148 154 160 165 172 177 181 187 193 198 204 209 214 220 227 231 236 240 244 0 0 0 0 0 0 0 0 0 0 
54 81 82 86 96 110 116 126 136 142 152 159 166 170 178 182 187 193 199 205 210 216 221 227 234 239 244 247 252 0 0 0 0 0 0 0 0 0 0 
56 84 85 89 99 113 120 130 140 147 157 164 172 176 184 188 193 199 205 211 217 223 228 234 241 246 251 255 260 0 0 0 0 0 0 0 0 0 0 
58 87 88 92 102 117 124 134 145 152 162 169 178 182 189 194 199 205 211 218 224 230 235 241 248 253 258 263 268 0 0 0 0 0 0 0 0 0 0 
60 90 91 95 105 121 128 138 150 157 166 174 184 188 194 200 205 210 217 224 230 236 242 248 255 260 265 271 276 0 0 0 0 0 0 0 0 0 0 
0 0 0 0 0 0 0 0 0 0 0 0 0 0 0 0 0 0 0 0 0 0 0 0 0 0 0 0 0 0 0 0 0 0 0 0 0 0 0 
0 0 0 0 0 0 0 0 0 0 0 0 0 0 0 0 0 0 0 0 0 0 0 0 0 0 0 0 0 0 0 0 0 0 0 0 0 0 0 
0 0 0 0 0 0 0 0 0 0 0 0 0 0 0 0 0 0 0 0 0 0 0 0 0 0 0 0 0 0 0 0 0 0 0 0 0 0 0 
0 0 0 0 0 0 0 0 0 0 0 0 0 0 0 0 0 0 0 0 0 0 0 0 0 0 0 0 0 0 0 0 0 0 0 0 0 0 0 
0 0 0 0 0 0 0 0 0 0 0 0 0 0 0 0 0 0 0 0 0 0 0 0 0 0 0 0 0 0 0 0 0 0 0 0 0 0 0 
0 0 0 0 0 0 0 0 0 0 0 0 0 0 0 0 0 0 0 0 0 0 0 0 0 0 0 0 0 0 0 0 0 0 0 0 0 0 0 
0 0 0 0 0 0 0 0 0 0 0 0 0 0 0 0 0 0 0 0 0 0 0 0 0 0 0 0 0 0 0 0 0 0 0 0 0 0 0 
0 0 0 0 0 0 0 0 0 0 0 0 0 0 0 0 0 0 0 0 0 0 0 0 0 0 0 0 0 0 0 0 0 0 0 0 0 0 0 
0 0 0 0 0 0 0 0 0 0 0 0 0 0 0 0 0 0 0 0 0 0 0 0 0 0 0 0 0 0 0 0 0 0 0 0 0 0 0 
0 0 0 0 0 0 0 0 0 0 0 0 0 0 0 0 0 0 0 0 0 0 0 0 0 0 0 0 0 0 0 0 0 0 0 0 0 0 0 
