6 6 6 6 6 6 6 6 6 6 6 6 6 6 6 6 6 6 6 6 6 6 6 6 6 6 6 6 6 6 6 6 6 6 6 6 6 6 6
8 9 11 13 15 17 19 21 23 25 27 29 31 33 35 37 39 41 43 45 47 49 51 53 55 57 59 61 63 65 67 69 71 73 75 77 79 81 83
8 12 14 17 20 22 25 28 30 33 36 38 40 42 44 46 48 50 52 54 56 58 60 62 64 66 68 70 72 74 76 78 80 82 84 86 88 90 92
8 12 17 21 25 27 30 33 36 39 42 44 47 50 52 55 58 60 63 66 68 71 74 76 79 82 84 87 90 92 94 96 98 100 102 104 106 108 110
8 12 20 25 30 32 35 39 42 46 50 52 56 60 62 65 68 70 73 76 78 81 84 86 89 92 94 97 100 102 105 108 110 113 116 118 121 124 126
8 12 23 28 33 37 40 44 48 52 56 59 63 66 70 73 77 80 84 87 90 94 97 100 104 107 109 112 115 117 120 123 125 128 131 133 136 139 141
8 12 26 32 37 42 45 50 54 59 64 67 70 74 80 84 88 91 94 98 101 104 108 111 114 118 121 124 128 131 134 138 141 144 148 151 154 158 161
8 12 29 36 41 46 50 56 60 66 72 75 78 84 88 93 97 101 105 109 113 117 121 125 128 132 135 138 142 145 148 152 155 158 162 165 168 172 175
8 12 32 40 45 51 55 61 66 75 80 84 89 94 98 103 107 112 116 120 124 128 132 136 140 144 148 152 156 160 164 168 172 176 180 183 186 190 193
8 12 35 43 48 55 60 66 72 82 87 92 97 102 107 111 116 121 126 130 135 139 145 149 153 157 161 165 169 173 177 181 185 189 193 197 201 205 209
8 12 38 46 52 60 65 72 78 89 95 100 106 111 116 122 127 132 137 142 146 151 156 160 165 170 174 179 184 188 193 198 202 206 210 214 218 222 226
8 12 41 49 56 64 70 77 83 96 102 108 114 113 119 125 130 142 147 152 157 162 168 173 178 183 187 192 197 201 206 211 215 220 225 229 234 239 243
8 12 44 52 60 68 75 82 89 102 110 117 123 122 128 134 140 146 152 164 163 174 180 185 190 196 201 206 212 217 222 226 231 236 240 245 250 254 259
8 12 47 55 63 72 79 86 94 108 117 124 131 137 144 143 149 162 168 174 180 185 192 198 203 209 214 219 225 230 235 241 246 251 257 262 267 273 277
8 12 50 58 67 76 83 91 100 114 124 132 140 146 153 152 159 173 180 179 185 198 204 210 216 222 228 234 240 245 250 256 261 266 272 277 282 288 293
8 12 53 61 71 80 88 96 105 120 130 140 148 155 162 170 176 183 190 196 203 210 216 222 228 234 240 246 252 258 264 270 276 282 288 294 299 305 310
8 12 56 64 75 84 92 101 115 126 136 147 156 164 171 179 186 193 201 208 214 221 228 234 241 248 254 261 267 273 279 285 291 297 303 309 315 321 327
8 12 59 67 78 88 97 106 120 132 142 153 164 172 180 188 196 203 211 218 225 233 240 247 254 260 267 274 280 287 294 300 307 313 319 325 331 337 343
8 12 62 70 82 92 104 115 126 138 148 160 170 181 190 198 206 214 222 230 237 244 252 259 266 274 281 288 295 301 308 315 321 328 335 341 348 355 361
8 12 65 73 86 96 108 119 131 143 154 166 177 190 199 207 216 224 232 240 248 256 264 272 279 286 294 301 308 316 323 330 337 344 350 357 364 370 377
8 12 68 76 90 100 113 124 136 148 160 172 184 197 208 217 226 234 243 252 260 268 276 284 292 300 308 315 322 330 337 344 352 359 366 374 381 388 395
8 12 71 79 93 103 117 128 141 153 166 178 191 204 215 226 236 245 253 262 271 279 288 296 304 312 320 328 336 344 352 360 367 374 382 389 396 404 411
8 12 74 82 97 107 122 133 147 159 172 184 197 210 223 236 245 255 264 273 282 291 300 308 317 326 334 342 350 358 366 374 382 390 398 406 413 420 428
8 12 77 85 101 111 126 137 152 164 178 190 204 217 230 244 255 265 275 284 293 303 312 321 329 338 347 355 364 373 381 389 397 405 413 421 429 437 445
8 12 80 88 105 115 131 142 157 169 184 196 211 224 238 251 265 275 285 295 305 314 324 333 342 352 360 369 378 386 395 404 412 421 429 437 445 453 461
8 12 83 91 108 118 135 146 162 174 190 202 218 231 245 259 273 286 296 306 316 326 336 345 355 364 373 383 392 401 410 418 427 436 444 453 462 470 479
8 12 86 94 112 122 140 151 168 180 196 208 224 237 253 266 282 295 306 317 328 338 348 358 368 378 387 396 406 415 424 434 443 452 460 469 478 486 495
8 12 89 97 116 126 143 155 172 185 201 214 231 244 260 274 290 303 317 328 339 349 360 370 380 390 400 410 420 429 439 448 457 467 476 485 495 504 512
8 12 92 100 120 130 147 160 177 190 207 220 237 251 267 281 297 312 328 339 350 361 372 382 393 403 413 423 433 443 453 463 473 482 492 501 510 520 529
8 12 95 103 123 133 151 164 181 195 212 226 243 258 274 289 305 320 336 350 361 373 384 395 405 416 427 437 448 458 468 478 488 498 508 518 527 536 546
8 12 98 106 126 137 155 169 186 201 217 232 249 264 281 296 312 328 344 360 373 384 396 407 418 429 440 451 461 472 483 493 503 513 523 533 543 553 563
8 12 101 109 129 141 158 173 190 206 222 238 255 271 287 304 320 336 353 369 384 396 408 419 431 442 453 465 475 486 497 507 518 529 539 549 559 569 579
8 12 104 112 132 145 162 178 195 211 228 244 261 278 294 311 327 345 361 378 394 408 420 432 444 455 466 478 489 500 512 522 533 544 554 565 576 586 597
8 12 107 115 135 148 166 182 199 216 233 250 267 285 301 319 335 353 369 387 403 419 432 444 456 468 480 492 503 514 526 537 548 560 571 581 592 603 613
8 12 110 118 138 152 170 187 204 222 238 256 273 291 308 326 342 361 377 396 412 431 444 456 469 481 493 505 517 529 541 552 563 575 586 597 609 620 630
8 12 113 121 141 156 173 191 208 227 243 262 279 298 314 334 350 369 386 405 421 440 456 469 481 494 507 519 531 543 555 567 579 590 602 613 624 636 647
8 12 116 124 144 160 177 196 213 232 249 268 285 305 321 341 357 377 394 413 430 449 467 481 494 507 520 532 545 558 570 582 594 606 618 630 641 652 664
8 12 119 127 147 163 181 200 217 237 254 274 291 312 328 348 365 384 402 421 439 458 476 493 507 520 533 546 559 571 584 597 609 621 633 645 657 669 681
8 12 122 130 150 167 185 205 222 243 259 280 297 318 335 355 372 392 410 429 448 467 486 505 520 533 546 560 573 586 599 611 624 637 649 661 673 685 697
