0 0 0 0 0 0 0 0 0 0 0 0 0 0 0 0 0 0 0 0 0 0 0 0 0 0 0 0 0 0 0 0 0 0 0 0 0 0 0 
0 9 12 15 17 19 21 23 25 27 29 31 33 35 37 39 41 43 45 47 49 51 53 55 57 59 61 63 65 0 0 0 0 0 0 0 0 0 0 
0 12 16 20 22 24 27 29 31 33 35 37 43 42 44 48 47 53 54 55 60 62 63 64 70 71 71 73 73 0 0 0 0 0 0 0 0 0 0 
0 15 20 25 27 31 35 37 41 45 47 50 53 56 58 61 64 66 69 72 74 77 79 82 85 88 89 91 95 0 0 0 0 0 0 0 0 0 0 
0 18 24 30 32 37 42 44 48 52 56 59 62 65 69 72 75 78 82 85 87 92 93 97 102 102 106 108 112 0 0 0 0 0 0 0 0 0 0 
0 21 28 35 37 43 49 51 55 60 64 68 71 76 79 83 87 90 94 98 101 104 108 111 114 118 121 124 127 0 0 0 0 0 0 0 0 0 0 
0 24 32 40 42 49 56 58 62 67 72 77 82 85 89 94 98 101 106 109 113 117 121 125 128 131 137 139 142 0 0 0 0 0 0 0 0 0 0 
0 27 36 45 47 54 61 65 69 75 80 85 92 95 99 105 109 113 117 122 126 130 134 138 143 146 150 155 159 0 0 0 0 0 0 0 0 0 0 
0 30 40 50 52 60 67 72 76 82 89 94 102 104 111 116 120 124 129 133 139 143 148 153 156 160 164 169 173 0 0 0 0 0 0 0 0 0 0 
0 33 44 55 57 66 73 79 83 90 97 103 110 114 121 125 131 136 140 146 152 155 161 166 169 175 179 185 188 0 0 0 0 0 0 0 0 0 0 
0 36 48 60 62 72 79 85 90 97 105 111 119 125 131 136 141 147 152 157 163 168 174 179 184 188 194 198 203 0 0 0 0 0 0 0 0 0 0 
0 39 52 65 67 78 85 92 97 106 113 120 129 134 141 145 151 157 163 169 174 181 187 192 197 202 207 212 216 0 0 0 0 0 0 0 0 0 0 
0 42 56 70 72 84 91 100 104 113 121 129 138 143 150 156 162 168 175 181 187 192 198 204 209 215 221 227 232 0 0 0 0 0 0 0 0 0 0 
0 45 60 75 77 89 96 106 111 121 128 137 148 153 159 165 172 179 186 192 198 204 211 216 223 229 235 240 247 0 0 0 0 0 0 0 0 0 0 
0 48 64 80 82 94 101 112 118 128 136 146 156 162 170 175 182 189 196 203 209 216 223 230 236 242 249 254 260 0 0 0 0 0 0 0 0 0 0 
0 51 68 85 87 99 108 119 125 136 144 154 164 171 178 186 191 200 206 214 221 228 234 242 249 255 263 269 275 0 0 0 0 0 0 0 0 0 0 
0 54 72 90 92 104 114 126 132 144 151 161 172 179 188 195 201 210 217 225 233 239 246 254 261 268 276 282 289 0 0 0 0 0 0 0 0 0 0 
0 57 76 95 97 109 120 132 139 151 159 168 180 187 196 205 212 220 227 236 244 251 259 267 274 281 289 295 303 0 0 0 0 0 0 0 0 0 0 
0 60 80 100 102 114 126 140 146 158 167 177 187 196 205 214 222 231 238 247 256 263 271 279 286 294 302 309 317 0 0 0 0 0 0 0 0 0 0 
0 63 84 105 107 119 131 146 153 165 174 185 195 206 215 224 232 241 249 258 267 274 282 291 300 307 314 322 330 0 0 0 0 0 0 0 0 0 0 
0 66 88 110 112 124 137 152 160 172 182 193 203 214 223 234 242 251 259 269 278 286 294 303 313 319 328 336 344 0 0 0 0 0 0 0 0 0 0 
0 69 92 115 117 129 143 158 167 179 190 201 210 222 233 244 252 261 270 280 289 297 307 315 325 332 341 350 358 0 0 0 0 0 0 0 0 0 0 
0 72 96 120 122 134 149 164 174 186 197 209 219 231 241 253 261 271 280 290 299 308 318 327 337 344 354 364 372 0 0 0 0 0 0 0 0 0 0 
0 75 100 125 127 139 155 170 181 193 205 217 227 239 250 263 271 281 291 300 310 320 329 339 348 357 367 377 386 0 0 0 0 0 0 0 0 0 0 
0 78 104 130 132 144 161 176 188 200 213 225 234 247 259 272 283 292 301 311 322 331 341 350 360 369 379 390 400 0 0 0 0 0 0 0 0 0 0 
0 81 108 135 137 149 166 182 195 207 220 233 244 255 268 281 292 302 311 321 332 342 353 362 373 382 391 403 412 0 0 0 0 0 0 0 0 0 0 
0 84 112 140 142 154 172 188 202 214 227 241 252 263 277 290 301 311 321 331 343 353 364 374 385 394 404 415 425 0 0 0 0 0 0 0 0 0 0 
0 87 116 145 147 159 178 194 208 221 235 248 260 271 285 299 310 321 331 343 353 364 376 387 397 407 417 428 439 0 0 0 0 0 0 0 0 0 0 
0 90 120 150 152 164 184 200 214 228 242 256 268 280 294 308 319 330 341 353 364 376 387 398 409 419 429 440 452 0 0 0 0 0 0 0 0 0 0 
0 0 0 0 0 0 0 0 0 0 0 0 0 0 0 0 0 0 0 0 0 0 0 0 0 0 0 0 0 0 0 0 0 0 0 0 0 0 0 
0 0 0 0 0 0 0 0 0 0 0 0 0 0 0 0 0 0 0 0 0 0 0 0 0 0 0 0 0 0 0 0 0 0 0 0 0 0 0 
0 0 0 0 0 0 0 0 0 0 0 0 0 0 0 0 0 0 0 0 0 0 0 0 0 0 0 0 0 0 0 0 0 0 0 0 0 0 0 
0 0 0 0 0 0 0 0 0 0 0 0 0 0 0 0 0 0 0 0 0 0 0 0 0 0 0 0 0 0 0 0 0 0 0 0 0 0 0 
0 0 0 0 0 0 0 0 0 0 0 0 0 0 0 0 0 0 0 0 0 0 0 0 0 0 0 0 0 0 0 0 0 0 0 0 0 0 0 
0 0 0 0 0 0 0 0 0 0 0 0 0 0 0 0 0 0 0 0 0 0 0 0 0 0 0 0 0 0 0 0 0 0 0 0 0 0 0 
0 0 0 0 0 0 0 0 0 0 0 0 0 0 0 0 0 0 0 0 0 0 0 0 0 0 0 0 0 0 0 0 0 0 0 0 0 0 0 
0 0 0 0 0 0 0 0 0 0 0 0 0 0 0 0 0 0 0 0 0 0 0 0 0 0 0 0 0 0 0 0 0 0 0 0 0 0 0 
0 0 0 0 0 0 0 0 0 0 0 0 0 0 0 0 0 0 0 0 0 0 0 0 0 0 0 0 0 0 0 0 0 0 0 0 0 0 0 
0 0 0 0 0 0 0 0 0 0 0 0 0 0 0 0 0 0 0 0 0 0 0 0 0 0 0 0 0 0 0 0 0 0 0 0 0 0 0 
