0 0 0 0 0 0 0 0 0 0 0 0 0 0 0 0 0 0 0 0 0 0 0 0 0 0 0 0 0 0 0 0 0 0 0 0 0 0 0 
0 9 12 15 17 19 21 23 25 27 29 31 33 35 37 39 41 43 45 47 49 51 53 55 57 59 61 63 65 0 0 0 0 0 0 0 0 0 0 
0 12 16 20 22 24 27 29 31 33 35 37 43 42 44 49 47 53 54 55 60 62 63 64 70 71 71 73 73 0 0 0 0 0 0 0 0 0 0 
0 15 20 25 27 31 35 37 41 45 47 50 53 56 58 61 64 66 69 72 74 77 79 82 85 88 89 91 95 0 0 0 0 0 0 0 0 0 0 
0 18 24 30 32 37 42 44 48 52 56 59 62 66 69 72 74 78 82 82 87 92 93 97 100 101 105 108 113 0 0 0 0 0 0 0 0 0 0 
0 21 28 35 37 43 49 51 55 59 64 68 71 75 79 82 86 91 93 98 101 104 108 111 114 117 121 123 127 0 0 0 0 0 0 0 0 0 0 
0 24 32 40 42 49 56 58 62 67 72 77 82 85 90 94 98 101 106 109 112 117 120 124 128 130 135 139 142 0 0 0 0 0 0 0 0 0 0 
0 27 36 45 47 54 61 65 69 74 80 86 92 95 99 105 108 113 117 121 127 129 133 137 142 146 150 155 159 0 0 0 0 0 0 0 0 0 0 
0 30 40 50 52 59 67 72 76 82 89 95 100 104 111 115 119 126 129 133 139 143 149 152 155 160 164 169 172 0 0 0 0 0 0 0 0 0 0 
0 33 44 55 57 66 73 79 83 90 97 103 110 114 121 126 131 136 141 146 151 156 161 165 170 175 180 185 189 0 0 0 0 0 0 0 0 0 0 
0 36 48 60 62 72 79 86 90 97 105 111 118 125 130 136 141 147 152 157 163 168 174 179 183 188 194 198 203 0 0 0 0 0 0 0 0 0 0 
0 39 52 65 67 78 85 93 97 106 113 120 130 135 141 146 152 158 163 169 175 180 187 192 198 203 208 213 218 0 0 0 0 0 0 0 0 0 0 
0 42 56 70 72 84 91 100 104 113 121 129 138 143 150 156 162 169 176 180 187 192 199 205 211 216 221 228 233 0 0 0 0 0 0 0 0 0 0 
0 45 60 75 77 89 96 106 111 121 129 138 148 153 158 166 174 180 187 193 199 205 212 221 225 230 236 242 247 0 0 0 0 0 0 0 0 0 0 
0 48 64 80 82 94 101 112 118 128 137 146 156 162 170 175 183 190 197 203 210 217 224 233 240 246 251 256 262 0 0 0 0 0 0 0 0 0 0 
0 51 68 85 87 99 108 119 125 136 144 153 164 170 178 186 193 200 208 215 222 229 237 247 254 260 266 272 279 0 0 0 0 0 0 0 0 0 0 
0 54 72 90 92 104 114 126 132 143 151 161 172 179 187 197 203 211 218 225 234 241 249 261 270 275 283 289 293 0 0 0 0 0 0 0 0 0 0 
0 57 76 95 97 109 120 132 139 151 159 168 180 188 196 207 212 221 228 236 245 253 262 273 282 288 296 303 308 0 0 0 0 0 0 0 0 0 0 
0 60 80 100 102 114 126 140 146 158 167 177 188 197 205 220 225 231 239 249 256 265 274 284 294 303 312 318 324 0 0 0 0 0 0 0 0 0 0 
0 63 84 105 107 119 131 146 153 166 174 185 195 207 215 229 235 242 250 259 267 277 286 296 307 315 325 332 338 0 0 0 0 0 0 0 0 0 0 
0 66 88 110 112 124 136 152 160 173 182 193 203 216 225 242 246 254 260 270 278 288 297 308 319 328 338 347 352 0 0 0 0 0 0 0 0 0 0 
0 69 92 115 117 129 143 158 167 180 190 200 210 224 234 253 257 265 272 281 289 299 309 318 331 340 351 361 366 0 0 0 0 0 0 0 0 0 0 
0 72 96 120 122 134 149 164 174 187 197 209 219 232 245 264 268 276 283 291 300 310 321 330 343 353 365 373 380 0 0 0 0 0 0 0 0 0 0 
0 75 100 125 127 139 155 170 181 194 204 217 227 240 257 272 277 286 294 302 311 323 333 342 355 365 376 387 395 0 0 0 0 0 0 0 0 0 0 
0 78 104 130 132 144 161 176 187 201 213 224 235 248 265 280 287 296 305 314 322 333 344 354 366 376 388 399 407 0 0 0 0 0 0 0 0 0 0 
0 81 108 135 137 149 166 182 194 207 221 233 244 256 273 288 298 307 315 324 333 345 354 366 378 388 401 411 420 0 0 0 0 0 0 0 0 0 0 
0 84 112 140 142 154 171 188 201 214 228 241 252 264 281 296 307 317 325 335 344 355 367 378 390 400 412 424 433 0 0 0 0 0 0 0 0 0 0 
0 87 116 145 147 159 178 194 208 221 235 249 260 272 289 304 316 327 336 346 357 367 378 390 402 412 425 435 446 0 0 0 0 0 0 0 0 0 0 
0 90 120 150 152 164 184 200 214 228 244 256 268 281 297 312 326 336 346 356 368 379 389 401 413 424 436 447 459 0 0 0 0 0 0 0 0 0 0 
0 0 0 0 0 0 0 0 0 0 0 0 0 0 0 0 0 0 0 0 0 0 0 0 0 0 0 0 0 0 0 0 0 0 0 0 0 0 0 
0 0 0 0 0 0 0 0 0 0 0 0 0 0 0 0 0 0 0 0 0 0 0 0 0 0 0 0 0 0 0 0 0 0 0 0 0 0 0 
0 0 0 0 0 0 0 0 0 0 0 0 0 0 0 0 0 0 0 0 0 0 0 0 0 0 0 0 0 0 0 0 0 0 0 0 0 0 0 
0 0 0 0 0 0 0 0 0 0 0 0 0 0 0 0 0 0 0 0 0 0 0 0 0 0 0 0 0 0 0 0 0 0 0 0 0 0 0 
0 0 0 0 0 0 0 0 0 0 0 0 0 0 0 0 0 0 0 0 0 0 0 0 0 0 0 0 0 0 0 0 0 0 0 0 0 0 0 
0 0 0 0 0 0 0 0 0 0 0 0 0 0 0 0 0 0 0 0 0 0 0 0 0 0 0 0 0 0 0 0 0 0 0 0 0 0 0 
0 0 0 0 0 0 0 0 0 0 0 0 0 0 0 0 0 0 0 0 0 0 0 0 0 0 0 0 0 0 0 0 0 0 0 0 0 0 0 
0 0 0 0 0 0 0 0 0 0 0 0 0 0 0 0 0 0 0 0 0 0 0 0 0 0 0 0 0 0 0 0 0 0 0 0 0 0 0 
0 0 0 0 0 0 0 0 0 0 0 0 0 0 0 0 0 0 0 0 0 0 0 0 0 0 0 0 0 0 0 0 0 0 0 0 0 0 0 
0 0 0 0 0 0 0 0 0 0 0 0 0 0 0 0 0 0 0 0 0 0 0 0 0 0 0 0 0 0 0 0 0 0 0 0 0 0 0 
