0 0 0 0 0 0 0 0 0 0 0 0 0 0 0 0 0 0 0 0 0 0 0 0 0 0 0 0 0 0 0 0 0 0 0 0 0 0 0 
0 9 12 15 17 19 21 23 25 27 29 31 33 35 37 39 41 43 45 47 49 51 53 55 57 59 61 63 65 0 0 0 0 0 0 0 0 0 0 
0 12 16 20 22 24 27 29 31 33 35 37 43 42 44 49 47 53 54 55 60 62 63 64 70 71 71 73 73 0 0 0 0 0 0 0 0 0 0 
0 15 20 25 27 31 35 37 41 45 47 50 53 56 58 61 64 66 69 72 74 77 79 82 85 88 89 91 95 0 0 0 0 0 0 0 0 0 0 
0 18 24 30 32 37 42 44 48 52 56 59 62 66 69 72 74 78 82 82 87 92 93 97 100 101 105 108 111 0 0 0 0 0 0 0 0 0 0 
0 21 28 35 37 43 49 51 55 59 64 68 71 75 79 82 87 91 93 98 101 105 108 111 115 118 121 123 126 0 0 0 0 0 0 0 0 0 0 
0 24 32 40 42 49 56 58 62 67 72 77 82 85 90 94 98 102 106 110 112 117 120 124 127 131 136 139 142 0 0 0 0 0 0 0 0 0 0 
0 27 36 45 47 54 61 65 69 74 80 85 90 95 99 105 108 112 117 121 126 130 134 138 142 146 150 155 159 0 0 0 0 0 0 0 0 0 0 
0 30 40 50 52 59 67 72 76 82 89 95 102 104 110 115 119 124 129 133 138 143 149 153 156 160 164 169 172 0 0 0 0 0 0 0 0 0 0 
0 33 44 55 57 66 73 79 83 90 97 103 110 114 120 125 131 136 140 146 151 156 161 166 170 175 180 184 190 0 0 0 0 0 0 0 0 0 0 
0 36 48 60 62 72 79 86 90 97 105 111 118 125 129 135 141 147 152 157 163 168 174 179 183 189 194 198 204 0 0 0 0 0 0 0 0 0 0 
0 39 52 65 67 78 85 93 97 105 113 120 129 135 139 145 152 159 163 169 175 180 187 192 198 203 208 214 218 0 0 0 0 0 0 0 0 0 0 
0 42 56 70 72 84 91 100 104 113 121 128 138 143 150 156 163 169 175 181 187 192 199 205 211 216 222 228 232 0 0 0 0 0 0 0 0 0 0 
0 45 60 75 77 89 96 106 111 121 129 138 148 152 159 166 174 180 186 192 198 205 213 219 225 232 236 242 247 0 0 0 0 0 0 0 0 0 0 
0 48 64 80 82 94 101 112 118 128 136 146 156 162 170 175 183 190 197 203 209 218 225 234 243 246 251 258 261 0 0 0 0 0 0 0 0 0 0 
0 51 68 85 87 99 108 119 125 136 144 153 164 170 178 186 193 199 208 215 222 229 237 247 255 260 265 274 280 0 0 0 0 0 0 0 0 0 0 
0 54 72 90 92 104 114 126 132 143 151 161 172 179 187 196 203 211 218 225 234 241 250 261 270 275 283 288 293 0 0 0 0 0 0 0 0 0 0 
0 57 76 95 97 109 120 132 139 151 159 168 179 188 196 207 212 221 228 237 245 252 262 272 282 288 296 302 308 0 0 0 0 0 0 0 0 0 0 
0 60 80 100 102 114 126 140 146 158 167 177 188 197 205 220 224 231 239 248 257 265 274 284 295 303 311 320 325 0 0 0 0 0 0 0 0 0 0 
0 63 84 105 107 119 131 146 153 166 174 185 195 206 214 229 235 243 250 259 267 277 285 296 306 316 325 333 339 0 0 0 0 0 0 0 0 0 0 
0 66 88 110 112 124 136 152 160 173 182 193 203 215 224 242 246 254 260 270 278 288 296 308 319 328 337 346 352 0 0 0 0 0 0 0 0 0 0 
0 69 92 115 117 129 143 158 167 180 190 200 210 224 235 253 256 263 273 281 290 299 309 318 332 341 352 360 367 0 0 0 0 0 0 0 0 0 0 
0 72 96 120 122 134 149 164 174 187 197 209 219 232 246 264 268 276 284 291 301 311 321 330 343 352 364 373 380 0 0 0 0 0 0 0 0 0 0 
0 75 100 125 127 139 155 170 181 194 204 217 227 240 257 272 277 286 294 302 311 322 333 342 355 364 377 387 395 0 0 0 0 0 0 0 0 0 0 
0 78 104 130 132 144 161 176 187 201 213 225 235 248 265 280 287 297 304 313 322 334 344 354 366 376 388 399 407 0 0 0 0 0 0 0 0 0 0 
0 81 108 135 137 149 166 182 194 207 221 233 244 256 273 288 298 308 316 324 333 344 355 366 378 388 400 411 421 0 0 0 0 0 0 0 0 0 0 
0 84 112 140 142 154 171 188 201 214 228 241 252 264 281 296 307 317 326 335 344 355 367 379 390 400 412 423 434 0 0 0 0 0 0 0 0 0 0 
0 87 116 145 147 159 178 194 208 220 235 248 260 272 289 304 317 327 335 346 357 366 377 390 402 412 425 436 446 0 0 0 0 0 0 0 0 0 0 
0 90 120 150 152 164 184 200 214 228 244 256 268 281 297 312 326 336 345 356 368 379 389 401 413 425 436 447 459 0 0 0 0 0 0 0 0 0 0 
0 0 0 0 0 0 0 0 0 0 0 0 0 0 0 0 0 0 0 0 0 0 0 0 0 0 0 0 0 0 0 0 0 0 0 0 0 0 0 
0 0 0 0 0 0 0 0 0 0 0 0 0 0 0 0 0 0 0 0 0 0 0 0 0 0 0 0 0 0 0 0 0 0 0 0 0 0 0 
0 0 0 0 0 0 0 0 0 0 0 0 0 0 0 0 0 0 0 0 0 0 0 0 0 0 0 0 0 0 0 0 0 0 0 0 0 0 0 
0 0 0 0 0 0 0 0 0 0 0 0 0 0 0 0 0 0 0 0 0 0 0 0 0 0 0 0 0 0 0 0 0 0 0 0 0 0 0 
0 0 0 0 0 0 0 0 0 0 0 0 0 0 0 0 0 0 0 0 0 0 0 0 0 0 0 0 0 0 0 0 0 0 0 0 0 0 0 
0 0 0 0 0 0 0 0 0 0 0 0 0 0 0 0 0 0 0 0 0 0 0 0 0 0 0 0 0 0 0 0 0 0 0 0 0 0 0 
0 0 0 0 0 0 0 0 0 0 0 0 0 0 0 0 0 0 0 0 0 0 0 0 0 0 0 0 0 0 0 0 0 0 0 0 0 0 0 
0 0 0 0 0 0 0 0 0 0 0 0 0 0 0 0 0 0 0 0 0 0 0 0 0 0 0 0 0 0 0 0 0 0 0 0 0 0 0 
0 0 0 0 0 0 0 0 0 0 0 0 0 0 0 0 0 0 0 0 0 0 0 0 0 0 0 0 0 0 0 0 0 0 0 0 0 0 0 
0 0 0 0 0 0 0 0 0 0 0 0 0 0 0 0 0 0 0 0 0 0 0 0 0 0 0 0 0 0 0 0 0 0 0 0 0 0 0 
