0 0 0 0 0 0 0 0 0 0 0 0 0 0 0 0 0 0 0 0 0 0 0 0 0 0 0 0 0 0 0 0 0 0 0 0 0 0 0 
0 9 12 15 17 19 21 23 25 27 29 31 33 35 37 39 41 43 45 47 49 51 53 55 57 59 61 63 65 0 0 0 0 0 0 0 0 0 0 
0 12 16 20 22 24 27 29 31 33 35 37 43 42 44 49 47 53 54 55 60 62 63 64 70 71 71 73 73 0 0 0 0 0 0 0 0 0 0 
0 15 20 25 27 31 35 37 40 45 47 50 53 56 58 61 64 66 69 72 74 77 79 82 85 88 89 91 95 0 0 0 0 0 0 0 0 0 0 
0 18 24 30 32 37 42 44 48 52 56 59 62 66 69 72 74 78 82 82 87 92 92 97 100 101 105 108 111 0 0 0 0 0 0 0 0 0 0 
0 21 28 35 37 43 49 51 55 59 64 68 71 75 79 82 87 91 93 98 101 104 108 111 114 118 121 124 127 0 0 0 0 0 0 0 0 0 0 
0 24 32 40 42 49 56 58 62 67 72 77 82 85 90 94 98 102 106 109 112 117 120 125 127 131 136 139 142 0 0 0 0 0 0 0 0 0 0 
0 27 36 45 47 54 61 65 69 74 80 86 92 95 99 105 108 113 117 121 126 130 134 138 142 146 150 154 158 0 0 0 0 0 0 0 0 0 0 
0 30 40 50 52 59 67 72 76 82 89 95 102 104 111 115 119 124 129 133 138 143 148 152 156 160 164 169 172 0 0 0 0 0 0 0 0 0 0 
0 33 44 55 57 66 73 79 83 90 97 103 110 114 121 126 131 135 141 145 151 155 161 166 171 175 179 184 189 0 0 0 0 0 0 0 0 0 0 
0 36 48 60 62 72 79 86 90 97 105 111 118 125 131 136 141 147 152 157 163 167 173 179 184 188 193 198 202 0 0 0 0 0 0 0 0 0 0 
0 39 52 65 67 78 85 93 97 106 113 120 129 135 141 146 151 157 163 169 174 180 187 191 197 201 207 212 216 0 0 0 0 0 0 0 0 0 0 
0 42 56 70 72 84 91 100 104 113 121 129 138 143 150 156 163 168 176 181 187 192 198 204 211 215 221 228 232 0 0 0 0 0 0 0 0 0 0 
0 45 60 75 77 89 96 106 111 121 129 138 148 153 158 165 172 179 186 191 198 205 210 216 223 229 236 241 246 0 0 0 0 0 0 0 0 0 0 
0 48 64 80 82 94 101 112 118 128 137 146 156 162 169 175 182 189 196 202 209 216 223 228 236 242 249 255 260 0 0 0 0 0 0 0 0 0 0 
0 51 68 85 87 99 108 119 125 136 144 153 164 170 178 186 191 200 206 213 222 229 234 242 249 255 263 268 275 0 0 0 0 0 0 0 0 0 0 
0 54 72 90 92 104 114 126 132 143 151 161 171 179 187 196 202 210 217 224 233 240 247 254 261 268 275 282 288 0 0 0 0 0 0 0 0 0 0 
0 57 76 95 97 109 120 132 139 151 159 168 180 187 196 205 211 220 227 236 244 251 258 266 274 281 289 296 303 0 0 0 0 0 0 0 0 0 0 
0 60 80 100 102 114 126 140 146 158 167 177 187 197 205 214 222 231 238 247 255 263 270 279 286 293 301 309 317 0 0 0 0 0 0 0 0 0 0 
0 63 84 105 107 119 131 146 153 165 174 185 195 206 214 224 232 241 249 257 266 274 283 291 299 307 315 322 330 0 0 0 0 0 0 0 0 0 0 
0 66 88 110 112 124 136 152 160 172 182 193 203 214 223 233 241 251 259 268 277 286 294 303 313 320 327 336 344 0 0 0 0 0 0 0 0 0 0 
0 69 92 115 117 129 143 158 167 179 190 200 210 222 232 243 251 261 270 279 289 297 306 315 325 333 341 350 359 0 0 0 0 0 0 0 0 0 0 
0 72 96 120 122 134 149 164 173 186 197 209 219 231 241 253 262 270 280 290 300 308 318 327 337 345 354 364 372 0 0 0 0 0 0 0 0 0 0 
0 75 100 125 127 139 155 170 180 193 204 217 227 239 249 263 271 281 291 300 311 320 329 339 349 357 367 377 386 0 0 0 0 0 0 0 0 0 0 
0 78 104 130 132 144 161 176 187 200 213 225 235 247 259 272 282 291 301 310 322 331 341 351 360 369 379 390 400 0 0 0 0 0 0 0 0 0 0 
0 81 108 135 137 149 166 182 194 207 221 233 244 255 268 281 292 302 311 321 333 342 352 362 372 382 391 403 413 0 0 0 0 0 0 0 0 0 0 
0 84 112 140 142 154 171 188 201 214 228 240 252 263 277 290 301 312 321 332 344 353 364 374 385 394 404 416 426 0 0 0 0 0 0 0 0 0 0 
0 87 116 145 147 159 178 194 208 221 235 249 260 271 285 299 310 322 331 342 355 364 376 386 396 407 417 429 439 0 0 0 0 0 0 0 0 0 0 
0 90 120 150 152 164 184 200 214 228 242 256 268 280 295 308 319 331 342 353 365 376 387 398 409 419 429 442 452 0 0 0 0 0 0 0 0 0 0 
0 0 0 0 0 0 0 0 0 0 0 0 0 0 0 0 0 0 0 0 0 0 0 0 0 0 0 0 0 0 0 0 0 0 0 0 0 0 0 
0 0 0 0 0 0 0 0 0 0 0 0 0 0 0 0 0 0 0 0 0 0 0 0 0 0 0 0 0 0 0 0 0 0 0 0 0 0 0 
0 0 0 0 0 0 0 0 0 0 0 0 0 0 0 0 0 0 0 0 0 0 0 0 0 0 0 0 0 0 0 0 0 0 0 0 0 0 0 
0 0 0 0 0 0 0 0 0 0 0 0 0 0 0 0 0 0 0 0 0 0 0 0 0 0 0 0 0 0 0 0 0 0 0 0 0 0 0 
0 0 0 0 0 0 0 0 0 0 0 0 0 0 0 0 0 0 0 0 0 0 0 0 0 0 0 0 0 0 0 0 0 0 0 0 0 0 0 
0 0 0 0 0 0 0 0 0 0 0 0 0 0 0 0 0 0 0 0 0 0 0 0 0 0 0 0 0 0 0 0 0 0 0 0 0 0 0 
0 0 0 0 0 0 0 0 0 0 0 0 0 0 0 0 0 0 0 0 0 0 0 0 0 0 0 0 0 0 0 0 0 0 0 0 0 0 0 
0 0 0 0 0 0 0 0 0 0 0 0 0 0 0 0 0 0 0 0 0 0 0 0 0 0 0 0 0 0 0 0 0 0 0 0 0 0 0 
0 0 0 0 0 0 0 0 0 0 0 0 0 0 0 0 0 0 0 0 0 0 0 0 0 0 0 0 0 0 0 0 0 0 0 0 0 0 0 
0 0 0 0 0 0 0 0 0 0 0 0 0 0 0 0 0 0 0 0 0 0 0 0 0 0 0 0 0 0 0 0 0 0 0 0 0 0 0 
