0 0 0 0 0 0 0 0 0 0 0 0 0 0 0 0 0 0 0 0 0 0 0 0 0 0 0 0 0 0 0 0 0 0 0 0 0 0 0 
0 9 12 15 17 19 21 23 25 27 29 31 33 35 37 39 41 43 45 47 49 51 53 55 57 59 61 63 65 0 0 0 0 0 0 0 0 0 0 
0 12 16 20 22 24 27 29 31 33 35 37 42 42 44 49 47 53 54 55 60 62 63 64 70 71 71 73 73 0 0 0 0 0 0 0 0 0 0 
0 15 20 25 27 31 35 37 41 45 47 50 53 56 58 61 64 66 69 72 74 77 79 82 85 88 89 91 95 0 0 0 0 0 0 0 0 0 0 
0 18 24 30 32 37 42 44 48 52 56 59 62 66 69 72 74 78 82 82 87 92 93 96 100 101 105 108 112 0 0 0 0 0 0 0 0 0 0 
0 21 28 35 37 43 49 51 55 59 64 68 71 76 79 82 87 90 94 98 101 105 108 111 115 118 121 123 127 0 0 0 0 0 0 0 0 0 0 
0 24 32 40 42 49 56 58 62 67 72 77 82 85 90 94 98 101 106 110 112 117 120 125 128 131 136 139 142 0 0 0 0 0 0 0 0 0 0 
0 27 36 45 47 54 61 65 69 74 80 85 92 95 99 105 108 113 117 122 125 130 133 137 142 146 150 154 158 0 0 0 0 0 0 0 0 0 0 
0 30 40 50 52 59 67 72 76 82 89 94 102 104 111 115 120 125 129 133 138 143 148 152 156 160 164 169 173 0 0 0 0 0 0 0 0 0 0 
0 33 44 55 57 66 73 79 83 90 97 103 110 114 120 125 131 135 141 146 151 156 161 166 170 175 180 184 189 0 0 0 0 0 0 0 0 0 0 
0 36 48 60 62 72 79 86 90 97 105 111 118 125 131 136 141 147 152 157 163 168 174 179 184 188 193 198 203 0 0 0 0 0 0 0 0 0 0 
0 39 52 65 67 78 85 93 97 106 113 120 130 135 141 146 151 157 163 169 174 181 186 191 198 202 207 213 216 0 0 0 0 0 0 0 0 0 0 
0 42 56 70 72 84 91 100 104 113 121 129 138 143 150 156 162 168 175 181 187 192 199 204 210 215 221 227 232 0 0 0 0 0 0 0 0 0 0 
0 45 60 75 77 89 96 106 111 121 129 138 147 152 159 165 172 179 186 192 198 204 211 217 223 228 235 240 246 0 0 0 0 0 0 0 0 0 0 
0 48 64 80 82 94 101 112 118 128 136 145 155 162 169 175 182 189 196 202 209 216 223 229 235 241 249 255 260 0 0 0 0 0 0 0 0 0 0 
0 51 68 85 87 99 108 119 125 136 144 153 163 170 178 186 191 200 206 214 221 228 234 242 250 254 262 268 275 0 0 0 0 0 0 0 0 0 0 
0 54 72 90 92 104 114 126 132 143 151 161 171 179 187 196 202 210 217 225 233 239 247 254 262 268 276 283 288 0 0 0 0 0 0 0 0 0 0 
0 57 76 95 97 109 120 132 139 151 159 168 180 187 196 205 212 220 227 236 244 251 259 266 274 281 289 296 303 0 0 0 0 0 0 0 0 0 0 
0 60 80 100 102 114 126 140 146 158 167 176 187 197 205 214 222 231 238 247 256 263 271 278 286 293 301 309 317 0 0 0 0 0 0 0 0 0 0 
0 63 84 105 107 119 131 146 153 165 174 185 195 205 215 224 231 241 249 258 267 274 283 290 299 307 315 322 330 0 0 0 0 0 0 0 0 0 0 
0 66 88 110 112 124 136 152 160 172 182 192 203 214 224 233 242 250 259 268 278 286 295 303 312 320 328 336 344 0 0 0 0 0 0 0 0 0 0 
0 69 92 115 117 129 143 158 167 179 190 200 210 222 233 243 251 260 270 279 289 297 307 315 325 332 341 350 359 0 0 0 0 0 0 0 0 0 0 
0 72 96 120 122 134 149 164 174 186 197 209 219 231 241 253 261 270 280 290 300 308 318 326 337 344 354 364 372 0 0 0 0 0 0 0 0 0 0 
0 75 100 125 127 139 155 170 181 193 204 217 227 239 249 262 271 281 291 300 310 320 329 339 349 357 366 377 387 0 0 0 0 0 0 0 0 0 0 
0 78 104 130 132 144 161 176 188 200 213 225 235 247 259 272 282 292 301 310 322 331 341 351 361 369 379 389 400 0 0 0 0 0 0 0 0 0 0 
0 81 108 135 137 149 166 182 195 207 221 233 244 255 268 281 292 302 311 322 333 342 353 363 373 382 391 403 413 0 0 0 0 0 0 0 0 0 0 
0 84 112 140 142 154 171 188 201 214 228 241 252 263 277 290 301 312 321 332 343 353 364 375 385 394 404 416 426 0 0 0 0 0 0 0 0 0 0 
0 87 116 145 147 159 178 194 208 221 235 248 260 271 286 299 310 321 331 342 354 364 376 386 396 407 417 428 439 0 0 0 0 0 0 0 0 0 0 
0 90 120 150 152 164 184 200 214 228 242 257 268 280 294 308 319 330 341 354 364 376 387 398 408 419 429 441 452 0 0 0 0 0 0 0 0 0 0 
0 0 0 0 0 0 0 0 0 0 0 0 0 0 0 0 0 0 0 0 0 0 0 0 0 0 0 0 0 0 0 0 0 0 0 0 0 0 0 
0 0 0 0 0 0 0 0 0 0 0 0 0 0 0 0 0 0 0 0 0 0 0 0 0 0 0 0 0 0 0 0 0 0 0 0 0 0 0 
0 0 0 0 0 0 0 0 0 0 0 0 0 0 0 0 0 0 0 0 0 0 0 0 0 0 0 0 0 0 0 0 0 0 0 0 0 0 0 
0 0 0 0 0 0 0 0 0 0 0 0 0 0 0 0 0 0 0 0 0 0 0 0 0 0 0 0 0 0 0 0 0 0 0 0 0 0 0 
0 0 0 0 0 0 0 0 0 0 0 0 0 0 0 0 0 0 0 0 0 0 0 0 0 0 0 0 0 0 0 0 0 0 0 0 0 0 0 
0 0 0 0 0 0 0 0 0 0 0 0 0 0 0 0 0 0 0 0 0 0 0 0 0 0 0 0 0 0 0 0 0 0 0 0 0 0 0 
0 0 0 0 0 0 0 0 0 0 0 0 0 0 0 0 0 0 0 0 0 0 0 0 0 0 0 0 0 0 0 0 0 0 0 0 0 0 0 
0 0 0 0 0 0 0 0 0 0 0 0 0 0 0 0 0 0 0 0 0 0 0 0 0 0 0 0 0 0 0 0 0 0 0 0 0 0 0 
0 0 0 0 0 0 0 0 0 0 0 0 0 0 0 0 0 0 0 0 0 0 0 0 0 0 0 0 0 0 0 0 0 0 0 0 0 0 0 
0 0 0 0 0 0 0 0 0 0 0 0 0 0 0 0 0 0 0 0 0 0 0 0 0 0 0 0 0 0 0 0 0 0 0 0 0 0 0 
