0 0 0 0 0 0 0 0 0 0 0 0 0 0 0 0 0 0 0 0 0 0 0 0 0 0 0 0 0 0 0 0 0 0 0 0 0 0 0 
0 9 12 15 17 19 21 23 25 27 29 31 33 35 37 39 41 43 45 47 49 51 53 55 57 59 61 63 65 0 0 0 0 0 0 0 0 0 0 
0 12 16 20 22 24 27 29 31 33 35 37 43 42 44 49 47 53 54 55 60 62 63 64 70 71 71 73 73 0 0 0 0 0 0 0 0 0 0 
0 15 20 25 27 31 35 37 41 45 47 50 53 56 58 61 64 66 69 72 74 77 79 82 85 88 89 91 95 0 0 0 0 0 0 0 0 0 0 
0 18 24 30 32 37 42 44 48 52 56 59 62 66 69 72 74 78 82 82 87 92 93 97 102 101 105 108 111 0 0 0 0 0 0 0 0 0 0 
0 21 28 35 37 43 49 51 55 59 64 68 71 75 79 82 87 90 94 98 101 104 108 111 115 118 121 123 126 0 0 0 0 0 0 0 0 0 0 
0 24 32 40 42 49 56 58 62 67 72 77 82 85 90 94 98 102 106 110 112 117 120 124 127 131 136 139 142 0 0 0 0 0 0 0 0 0 0 
0 27 36 45 47 54 61 65 69 74 80 86 92 95 99 105 108 113 116 121 127 130 134 137 142 146 150 154 158 0 0 0 0 0 0 0 0 0 0 
0 30 40 50 52 59 67 72 76 82 89 95 102 104 111 115 119 125 129 133 139 144 149 153 156 160 164 169 173 0 0 0 0 0 0 0 0 0 0 
0 33 44 55 57 66 73 79 83 90 97 103 110 114 121 126 131 136 140 146 151 155 161 165 170 175 180 184 189 0 0 0 0 0 0 0 0 0 0 
0 36 48 60 62 72 79 86 90 97 105 111 118 125 130 136 141 147 152 157 163 167 174 179 183 189 194 198 203 0 0 0 0 0 0 0 0 0 0 
0 39 52 65 67 78 85 93 97 106 113 120 130 135 141 145 152 158 163 169 175 181 187 192 198 203 208 213 218 0 0 0 0 0 0 0 0 0 0 
0 42 56 70 72 84 91 100 104 113 121 128 138 143 149 156 163 169 175 181 187 193 200 205 211 216 222 228 232 0 0 0 0 0 0 0 0 0 0 
0 45 60 75 77 89 96 106 111 121 128 138 147 152 158 166 173 180 186 193 198 205 212 221 225 231 236 241 247 0 0 0 0 0 0 0 0 0 0 
0 48 64 80 82 94 101 112 118 128 136 145 156 162 170 175 183 190 197 204 210 217 224 235 242 245 251 256 262 0 0 0 0 0 0 0 0 0 0 
0 51 68 85 87 99 108 119 125 136 144 153 164 170 178 186 193 200 208 214 222 229 237 247 255 260 265 273 279 0 0 0 0 0 0 0 0 0 0 
0 54 72 90 92 104 114 126 132 143 151 161 172 179 187 197 203 211 218 225 234 241 249 261 270 275 283 288 293 0 0 0 0 0 0 0 0 0 0 
0 57 76 95 97 109 120 132 139 151 159 168 180 188 196 207 212 221 228 236 244 253 262 273 282 287 296 302 309 0 0 0 0 0 0 0 0 0 0 
0 60 80 100 102 114 126 140 146 158 167 177 187 198 205 218 225 231 239 248 256 265 274 284 294 302 312 319 325 0 0 0 0 0 0 0 0 0 0 
0 63 84 105 107 119 131 146 153 166 174 184 195 207 215 229 235 243 250 259 268 277 285 295 306 315 324 333 339 0 0 0 0 0 0 0 0 0 0 
0 66 88 110 112 124 136 152 160 173 182 193 203 215 225 242 246 253 260 270 279 288 296 308 319 327 338 346 353 0 0 0 0 0 0 0 0 0 0 
0 69 92 115 117 129 143 158 167 180 190 200 210 224 234 253 255 264 272 281 290 299 309 319 331 340 351 361 366 0 0 0 0 0 0 0 0 0 0 
0 72 96 120 122 134 149 164 174 187 197 209 219 232 245 264 267 274 283 291 300 311 321 330 343 352 365 373 380 0 0 0 0 0 0 0 0 0 0 
0 75 100 125 127 139 155 170 181 194 204 217 227 240 257 272 277 285 294 302 311 323 333 342 355 364 376 387 395 0 0 0 0 0 0 0 0 0 0 
0 78 104 130 132 144 161 176 188 201 213 225 235 248 265 280 287 297 305 313 322 333 344 354 366 376 388 399 407 0 0 0 0 0 0 0 0 0 0 
0 81 108 135 137 149 166 182 194 207 220 232 244 256 273 288 297 307 316 325 333 344 355 366 378 389 400 411 420 0 0 0 0 0 0 0 0 0 0 
0 84 112 140 142 154 171 188 201 214 228 240 252 264 281 296 308 317 325 335 344 355 366 378 390 400 413 424 433 0 0 0 0 0 0 0 0 0 0 
0 87 116 145 147 159 178 194 208 220 235 249 260 272 289 304 317 327 335 346 357 366 378 389 402 412 425 435 446 0 0 0 0 0 0 0 0 0 0 
0 90 120 150 152 164 184 200 214 228 243 256 268 281 297 312 326 336 346 356 368 379 389 401 413 424 436 447 459 0 0 0 0 0 0 0 0 0 0 
0 0 0 0 0 0 0 0 0 0 0 0 0 0 0 0 0 0 0 0 0 0 0 0 0 0 0 0 0 0 0 0 0 0 0 0 0 0 0 
0 0 0 0 0 0 0 0 0 0 0 0 0 0 0 0 0 0 0 0 0 0 0 0 0 0 0 0 0 0 0 0 0 0 0 0 0 0 0 
0 0 0 0 0 0 0 0 0 0 0 0 0 0 0 0 0 0 0 0 0 0 0 0 0 0 0 0 0 0 0 0 0 0 0 0 0 0 0 
0 0 0 0 0 0 0 0 0 0 0 0 0 0 0 0 0 0 0 0 0 0 0 0 0 0 0 0 0 0 0 0 0 0 0 0 0 0 0 
0 0 0 0 0 0 0 0 0 0 0 0 0 0 0 0 0 0 0 0 0 0 0 0 0 0 0 0 0 0 0 0 0 0 0 0 0 0 0 
0 0 0 0 0 0 0 0 0 0 0 0 0 0 0 0 0 0 0 0 0 0 0 0 0 0 0 0 0 0 0 0 0 0 0 0 0 0 0 
0 0 0 0 0 0 0 0 0 0 0 0 0 0 0 0 0 0 0 0 0 0 0 0 0 0 0 0 0 0 0 0 0 0 0 0 0 0 0 
0 0 0 0 0 0 0 0 0 0 0 0 0 0 0 0 0 0 0 0 0 0 0 0 0 0 0 0 0 0 0 0 0 0 0 0 0 0 0 
0 0 0 0 0 0 0 0 0 0 0 0 0 0 0 0 0 0 0 0 0 0 0 0 0 0 0 0 0 0 0 0 0 0 0 0 0 0 0 
0 0 0 0 0 0 0 0 0 0 0 0 0 0 0 0 0 0 0 0 0 0 0 0 0 0 0 0 0 0 0 0 0 0 0 0 0 0 0 
