3 4 5 6 7 8 9 10 11 12 13 14 15 16 17 18 19 20 21 22 23 24 25 26 27 28 29 30 31 32 33 34 35 36 37 38 39 40 41 
0 6 7 8 9 10 11 12 13 14 15 16 17 18 19 20 21 22 23 24 25 26 27 28 29 30 31 32 33 34 35 36 37 38 39 40 41 42 43 
0 0 9 10 12 13 14 15 16 17 18 19 20 21 22 23 24 25 26 27 28 29 30 31 32 33 34 35 36 37 38 39 40 41 42 43 44 45 46 
0 0 0 12 14 15 17 18 20 21 22 23 24 25 26 27 28 29 30 31 32 33 34 35 36 37 38 39 40 41 42 43 44 45 46 47 48 49 50 
0 0 0 0 16 18 19 21 22 24 25 27 28 29 31 32 33 34 35 36 37 38 39 40 41 42 43 44 45 46 47 48 49 50 51 52 53 54 55 
0 0 0 0 0 21 22 24 25 27 28 29 31 33 34 35 37 38 40 41 42 44 44 45 47 48 49 50 51 52 53 54 55 56 57 58 59 60 61 
0 0 0 0 0 0 24 26 28 30 31 33 35 36 37 39 40 42 43 45 46 47 49 50 52 53 55 56 57 58 60 60 62 63 64 65 66 67 68 
0 0 0 0 0 0 0 29 31 33 36 37 39 40 42 43 44 46 47 49 51 52 54 55 56 58 59 61 62 64 64 66 68 68 71 71 73 74 75 
0 0 0 0 0 0 0 0 34 36 39 40 42 43 45 46 48 50 52 53 55 57 58 59 61 63 63 65 67 68 70 71 72 74 75 77 78 80 81 
0 0 0 0 0 0 0 0 0 39 42 44 45 47 50 50 52 54 55 57 59 61 63 65 66 67 69 71 72 73 74 77 78 79 81 83 84 85 87 
0 0 0 0 0 0 0 0 0 0 45 48 49 50 51 55 56 58 60 63 64 65 67 70 70 71 74 76 77 78 80 81 83 85 86 88 90 90 92 
0 0 0 0 0 0 0 0 0 0 0 52 53 55 57 59 61 63 65 66 69 70 72 73 75 76 79 81 82 84 85 87 88 91 91 93 96 96 97 
0 0 0 0 0 0 0 0 0 0 0 0 55 57 59 63 64 66 68 71 73 74 76 78 79 81 84 85 88 89 90 93 93 96 96 100 100 102 103 
0 0 0 0 0 0 0 0 0 0 0 0 0 61 64 67 69 71 74 75 77 79 81 84 85 87 88 90 93 94 96 97 99 102 104 106 106 109 110 
0 0 0 0 0 0 0 0 0 0 0 0 0 0 67 70 73 76 79 80 81 83 87 89 90 92 94 96 98 100 102 103 103 106 109 111 113 116 117 
0 0 0 0 0 0 0 0 0 0 0 0 0 0 0 74 77 80 84 85 87 89 91 92 94 97 99 100 103 105 107 109 111 113 114 116 119 121 123 
0 0 0 0 0 0 0 0 0 0 0 0 0 0 0 0 81 84 88 90 91 93 95 96 98 101 103 104 107 109 112 114 115 116 117 122 125 128 130 
0 0 0 0 0 0 0 0 0 0 0 0 0 0 0 0 0 88 92 95 96 98 99 101 103 105 106 106 110 115 117 118 121 122 123 127 130 132 135 
0 0 0 0 0 0 0 0 0 0 0 0 0 0 0 0 0 0 96 100 101 103 105 107 108 110 111 113 116 120 121 124 126 127 130 132 135 137 140 
0 0 0 0 0 0 0 0 0 0 0 0 0 0 0 0 0 0 0 105 106 108 110 112 113 114 116 118 121 123 126 128 130 133 136 137 139 141 143 
0 0 0 0 0 0 0 0 0 0 0 0 0 0 0 0 0 0 0 0 108 110 113 114 117 119 121 122 125 128 131 134 135 137 140 141 144 147 150 
0 0 0 0 0 0 0 0 0 0 0 0 0 0 0 0 0 0 0 0 0 113 115 118 120 122 125 128 131 133 136 139 141 144 145 146 149 152 155 
0 0 0 0 0 0 0 0 0 0 0 0 0 0 0 0 0 0 0 0 0 0 120 122 125 127 128 132 135 138 139 143 147 149 153 155 157 159 161 
0 0 0 0 0 0 0 0 0 0 0 0 0 0 0 0 0 0 0 0 0 0 0 125 128 131 133 136 139 142 146 147 151 154 158 161 161 164 167 
0 0 0 0 0 0 0 0 0 0 0 0 0 0 0 0 0 0 0 0 0 0 0 0 133 137 143 144 154 155 157 159 160 162 164 165 167 170 171 
0 0 0 0 0 0 0 0 0 0 0 0 0 0 0 0 0 0 0 0 0 0 0 0 0 146 151 155 160 162 163 165 167 170 171 173 173 175 177 
0 0 0 0 0 0 0 0 0 0 0 0 0 0 0 0 0 0 0 0 0 0 0 0 0 0 156 160 165 168 169 171 173 176 178 180 181 183 184 
0 0 0 0 0 0 0 0 0 0 0 0 0 0 0 0 0 0 0 0 0 0 0 0 0 0 0 165 170 174 175 177 180 182 184 186 186 189 190 
0 0 0 0 0 0 0 0 0 0 0 0 0 0 0 0 0 0 0 0 0 0 0 0 0 0 0 0 175 180 181 183 186 188 190 192 192 195 196 
0 0 0 0 0 0 0 0 0 0 0 0 0 0 0 0 0 0 0 0 0 0 0 0 0 0 0 0 0 186 187 189 192 194 196 198 199 200 203 
0 0 0 0 0 0 0 0 0 0 0 0 0 0 0 0 0 0 0 0 0 0 0 0 0 0 0 0 0 0 189 191 194 196 198 201 203 205 208 
0 0 0 0 0 0 0 0 0 0 0 0 0 0 0 0 0 0 0 0 0 0 0 0 0 0 0 0 0 0 0 194 197 199 202 204 207 209 212 
0 0 0 0 0 0 0 0 0 0 0 0 0 0 0 0 0 0 0 0 0 0 0 0 0 0 0 0 0 0 0 0 200 202 205 208 209 213 216 
0 0 0 0 0 0 0 0 0 0 0 0 0 0 0 0 0 0 0 0 0 0 0 0 0 0 0 0 0 0 0 0 0 206 210 212 216 219 221 
0 0 0 0 0 0 0 0 0 0 0 0 0 0 0 0 0 0 0 0 0 0 0 0 0 0 0 0 0 0 0 0 0 0 213 217 221 223 226 
0 0 0 0 0 0 0 0 0 0 0 0 0 0 0 0 0 0 0 0 0 0 0 0 0 0 0 0 0 0 0 0 0 0 0 221 225 227 230 
0 0 0 0 0 0 0 0 0 0 0 0 0 0 0 0 0 0 0 0 0 0 0 0 0 0 0 0 0 0 0 0 0 0 0 0 228 231 234 
0 0 0 0 0 0 0 0 0 0 0 0 0 0 0 0 0 0 0 0 0 0 0 0 0 0 0 0 0 0 0 0 0 0 0 0 0 235 238 
0 0 0 0 0 0 0 0 0 0 0 0 0 0 0 0 0 0 0 0 0 0 0 0 0 0 0 0 0 0 0 0 0 0 0 0 0 0 243 
