3 4 5 6 7 8 9 10 11 12 13 14 15 16 17 18 19 20 21 22 23 24 25 26 27 28 29 30 31 32 33 34 35 36 37 38 39 40 41 
0 6 7 8 9 10 11 12 13 14 15 16 17 18 19 20 21 22 23 24 25 26 27 28 29 30 31 32 33 34 35 36 37 38 39 40 41 42 43 
0 0 9 10 12 13 14 15 16 17 18 19 20 21 22 23 24 25 26 27 28 29 30 31 32 33 34 35 36 37 38 39 40 41 42 43 44 45 46 
0 0 0 12 14 15 17 18 20 21 22 23 24 25 26 27 28 29 30 31 32 33 34 35 36 37 38 39 40 41 42 43 44 45 46 47 48 49 50 
0 0 0 0 16 18 19 21 22 24 25 27 28 29 31 32 33 34 35 36 37 38 39 40 41 42 43 44 45 46 47 48 49 50 51 52 53 54 55 
0 0 0 0 0 21 22 24 25 27 28 30 31 32 34 36 37 38 39 42 43 43 45 46 47 48 49 50 51 52 53 54 55 56 57 58 59 60 61 
0 0 0 0 0 0 24 26 28 29 31 33 34 36 38 39 41 42 43 45 46 48 49 50 52 53 54 55 57 58 60 60 62 62 64 65 66 67 68 
0 0 0 0 0 0 0 29 31 33 36 37 39 40 41 43 45 46 48 49 51 52 53 55 56 58 59 61 62 64 66 66 68 68 70 71 73 74 75 
0 0 0 0 0 0 0 0 34 36 39 40 42 43 45 47 49 50 52 54 55 56 58 59 61 62 64 66 66 68 70 71 73 73 75 77 78 80 81 
0 0 0 0 0 0 0 0 0 39 42 44 45 47 48 51 53 54 55 58 60 61 63 64 66 68 68 70 71 73 75 76 78 80 81 82 84 86 87 
0 0 0 0 0 0 0 0 0 0 45 48 49 50 53 55 57 57 60 63 64 66 68 69 70 72 74 75 77 78 80 81 83 84 86 88 89 91 93 
0 0 0 0 0 0 0 0 0 0 0 52 53 55 57 59 61 62 64 66 69 70 72 73 76 77 78 80 82 84 85 87 88 90 92 94 95 97 98 
0 0 0 0 0 0 0 0 0 0 0 0 55 57 59 63 64 66 69 70 73 75 76 78 79 80 84 86 88 89 91 92 93 95 97 99 100 102 104 
0 0 0 0 0 0 0 0 0 0 0 0 0 61 64 67 69 70 72 75 77 79 81 83 83 86 88 90 91 94 96 97 98 101 104 106 106 108 110 
0 0 0 0 0 0 0 0 0 0 0 0 0 0 67 70 73 76 79 80 81 83 85 87 88 91 94 96 98 100 101 102 103 106 108 111 113 114 117 
0 0 0 0 0 0 0 0 0 0 0 0 0 0 0 74 77 80 84 85 87 89 90 91 94 94 99 100 103 105 107 109 111 112 113 117 118 121 122 
0 0 0 0 0 0 0 0 0 0 0 0 0 0 0 0 81 84 88 90 91 93 94 94 99 101 103 104 107 108 112 113 116 117 119 122 124 126 128 
0 0 0 0 0 0 0 0 0 0 0 0 0 0 0 0 0 88 92 95 96 98 100 102 103 105 107 109 111 113 117 118 121 123 125 127 128 132 133 
0 0 0 0 0 0 0 0 0 0 0 0 0 0 0 0 0 0 96 100 101 103 105 107 108 109 111 113 113 118 121 122 126 127 129 132 132 137 140 
0 0 0 0 0 0 0 0 0 0 0 0 0 0 0 0 0 0 0 105 106 108 110 112 113 114 117 119 121 123 126 128 130 132 134 136 139 141 144 
0 0 0 0 0 0 0 0 0 0 0 0 0 0 0 0 0 0 0 0 108 110 113 115 117 118 120 123 126 128 130 133 135 136 140 142 144 147 148 
0 0 0 0 0 0 0 0 0 0 0 0 0 0 0 0 0 0 0 0 0 113 115 118 121 122 125 127 131 133 136 139 142 143 146 147 148 152 154 
0 0 0 0 0 0 0 0 0 0 0 0 0 0 0 0 0 0 0 0 0 0 120 122 124 127 130 132 135 138 140 143 147 149 153 154 156 159 161 
0 0 0 0 0 0 0 0 0 0 0 0 0 0 0 0 0 0 0 0 0 0 0 125 128 131 134 136 139 142 144 147 151 154 158 160 162 163 165 
0 0 0 0 0 0 0 0 0 0 0 0 0 0 0 0 0 0 0 0 0 0 0 0 133 137 142 145 151 156 157 158 160 162 164 165 166 169 172 
0 0 0 0 0 0 0 0 0 0 0 0 0 0 0 0 0 0 0 0 0 0 0 0 0 144 150 155 159 162 163 165 167 170 171 172 173 174 177 
0 0 0 0 0 0 0 0 0 0 0 0 0 0 0 0 0 0 0 0 0 0 0 0 0 0 155 160 165 168 169 171 173 176 177 178 180 182 182 
0 0 0 0 0 0 0 0 0 0 0 0 0 0 0 0 0 0 0 0 0 0 0 0 0 0 0 165 170 174 175 177 180 182 184 185 186 188 189 
0 0 0 0 0 0 0 0 0 0 0 0 0 0 0 0 0 0 0 0 0 0 0 0 0 0 0 0 175 180 181 183 186 188 190 192 193 194 196 
0 0 0 0 0 0 0 0 0 0 0 0 0 0 0 0 0 0 0 0 0 0 0 0 0 0 0 0 0 186 187 189 192 194 196 198 199 200 203 
0 0 0 0 0 0 0 0 0 0 0 0 0 0 0 0 0 0 0 0 0 0 0 0 0 0 0 0 0 0 189 191 194 196 199 201 202 206 208 
0 0 0 0 0 0 0 0 0 0 0 0 0 0 0 0 0 0 0 0 0 0 0 0 0 0 0 0 0 0 0 194 197 199 202 204 207 209 211 
0 0 0 0 0 0 0 0 0 0 0 0 0 0 0 0 0 0 0 0 0 0 0 0 0 0 0 0 0 0 0 0 200 203 205 208 211 213 216 
0 0 0 0 0 0 0 0 0 0 0 0 0 0 0 0 0 0 0 0 0 0 0 0 0 0 0 0 0 0 0 0 0 207 210 212 214 219 222 
0 0 0 0 0 0 0 0 0 0 0 0 0 0 0 0 0 0 0 0 0 0 0 0 0 0 0 0 0 0 0 0 0 0 213 217 219 223 226 
0 0 0 0 0 0 0 0 0 0 0 0 0 0 0 0 0 0 0 0 0 0 0 0 0 0 0 0 0 0 0 0 0 0 0 221 224 227 230 
0 0 0 0 0 0 0 0 0 0 0 0 0 0 0 0 0 0 0 0 0 0 0 0 0 0 0 0 0 0 0 0 0 0 0 0 228 231 234 
0 0 0 0 0 0 0 0 0 0 0 0 0 0 0 0 0 0 0 0 0 0 0 0 0 0 0 0 0 0 0 0 0 0 0 0 0 235 238 
0 0 0 0 0 0 0 0 0 0 0 0 0 0 0 0 0 0 0 0 0 0 0 0 0 0 0 0 0 0 0 0 0 0 0 0 0 0 243 
