3 4 5 6 7 8 9 10 11 12 13 14 15 16 17 18 19 20 21 22 23 24 25 26 27 28 29 30 31 32 33 34 35 36 37 38 39 40 41 
0 6 7 8 9 10 11 12 13 14 15 16 17 18 19 20 21 22 23 24 25 26 27 28 29 30 31 32 33 34 35 36 37 38 39 40 41 42 43 
0 0 9 10 12 13 14 15 16 17 18 19 20 21 22 23 24 25 26 27 28 29 30 31 32 33 34 35 36 37 38 39 40 41 42 43 44 45 46 
0 0 0 12 14 15 17 18 20 21 22 23 24 25 26 27 28 29 30 31 32 33 34 35 36 37 38 39 40 41 42 43 44 45 46 47 48 49 50 
0 0 0 0 16 18 19 21 22 24 25 27 28 29 31 32 33 34 35 36 37 38 39 40 41 42 43 44 45 46 47 48 49 50 51 52 53 54 55 
0 0 0 0 0 21 22 24 25 27 28 30 31 33 34 36 37 38 39 41 42 44 45 45 47 48 49 50 51 52 53 54 55 56 57 58 59 60 61 
0 0 0 0 0 0 24 26 28 29 32 33 35 36 37 39 41 42 43 45 46 47 49 50 51 53 54 56 57 59 59 61 61 62 64 65 66 67 68 
0 0 0 0 0 0 0 29 31 33 35 36 39 40 41 43 45 46 48 49 50 52 53 55 56 58 59 61 62 63 65 66 68 69 70 71 73 74 74 
0 0 0 0 0 0 0 0 34 36 39 40 42 44 44 47 48 50 52 53 55 57 58 59 61 62 63 65 67 68 70 71 73 74 75 77 78 80 81 
0 0 0 0 0 0 0 0 0 39 42 44 45 47 49 49 52 54 56 59 59 62 63 65 66 67 69 69 72 73 74 77 78 79 80 82 84 85 86 
0 0 0 0 0 0 0 0 0 0 45 48 49 51 53 53 56 57 60 63 63 66 68 69 70 72 74 75 77 78 80 82 83 84 86 88 89 91 92 
0 0 0 0 0 0 0 0 0 0 0 52 53 54 56 56 60 61 64 65 67 70 71 73 75 76 79 81 82 83 86 87 89 90 92 93 94 96 98 
0 0 0 0 0 0 0 0 0 0 0 0 55 58 59 61 64 64 67 69 73 74 75 77 80 81 83 85 87 88 90 92 94 96 98 98 101 102 104 
0 0 0 0 0 0 0 0 0 0 0 0 0 61 62 64 69 69 71 73 77 78 79 82 84 86 88 90 92 93 96 96 99 101 102 104 106 107 110 
0 0 0 0 0 0 0 0 0 0 0 0 0 0 64 68 73 73 74 76 81 82 84 86 88 91 93 95 96 98 100 101 105 106 107 110 111 113 117 
0 0 0 0 0 0 0 0 0 0 0 0 0 0 0 73 77 80 78 81 85 86 88 89 93 95 97 100 101 102 105 107 111 112 114 115 116 119 123 
0 0 0 0 0 0 0 0 0 0 0 0 0 0 0 0 81 84 82 85 89 90 92 93 97 98 102 104 106 106 110 113 115 117 119 120 122 125 129 
0 0 0 0 0 0 0 0 0 0 0 0 0 0 0 0 0 88 86 89 93 93 96 98 101 103 104 108 111 111 115 118 119 122 122 124 127 131 133 
0 0 0 0 0 0 0 0 0 0 0 0 0 0 0 0 0 0 89 94 97 96 100 102 106 107 108 111 115 115 120 122 123 127 127 129 132 136 139 
0 0 0 0 0 0 0 0 0 0 0 0 0 0 0 0 0 0 0 97 101 102 104 107 110 111 113 114 119 119 124 126 128 130 131 135 137 140 144 
0 0 0 0 0 0 0 0 0 0 0 0 0 0 0 0 0 0 0 0 104 106 108 111 114 115 117 118 123 126 130 131 133 135 137 140 143 145 149 
0 0 0 0 0 0 0 0 0 0 0 0 0 0 0 0 0 0 0 0 0 110 113 115 118 119 121 122 128 130 136 135 136 140 142 145 148 151 153 
0 0 0 0 0 0 0 0 0 0 0 0 0 0 0 0 0 0 0 0 0 0 117 119 123 124 126 127 133 135 140 139 141 146 146 149 153 156 159 
0 0 0 0 0 0 0 0 0 0 0 0 0 0 0 0 0 0 0 0 0 0 0 123 127 128 131 130 137 139 144 144 146 151 152 154 158 159 163 
0 0 0 0 0 0 0 0 0 0 0 0 0 0 0 0 0 0 0 0 0 0 0 0 131 133 134 135 141 143 148 149 151 156 157 160 164 165 170 
0 0 0 0 0 0 0 0 0 0 0 0 0 0 0 0 0 0 0 0 0 0 0 0 0 135 139 142 145 148 153 154 155 161 162 165 167 169 175 
0 0 0 0 0 0 0 0 0 0 0 0 0 0 0 0 0 0 0 0 0 0 0 0 0 0 143 146 149 152 157 159 158 166 167 170 172 175 178 
0 0 0 0 0 0 0 0 0 0 0 0 0 0 0 0 0 0 0 0 0 0 0 0 0 0 0 150 153 156 160 162 161 170 170 174 176 179 183 
0 0 0 0 0 0 0 0 0 0 0 0 0 0 0 0 0 0 0 0 0 0 0 0 0 0 0 0 157 160 164 165 166 175 174 179 182 184 189 
0 0 0 0 0 0 0 0 0 0 0 0 0 0 0 0 0 0 0 0 0 0 0 0 0 0 0 0 0 163 168 171 170 180 179 182 187 190 194 
0 0 0 0 0 0 0 0 0 0 0 0 0 0 0 0 0 0 0 0 0 0 0 0 0 0 0 0 0 0 172 175 175 184 183 187 192 196 198 
0 0 0 0 0 0 0 0 0 0 0 0 0 0 0 0 0 0 0 0 0 0 0 0 0 0 0 0 0 0 0 179 178 188 187 192 195 201 203 
0 0 0 0 0 0 0 0 0 0 0 0 0 0 0 0 0 0 0 0 0 0 0 0 0 0 0 0 0 0 0 0 183 192 191 197 201 206 206 
0 0 0 0 0 0 0 0 0 0 0 0 0 0 0 0 0 0 0 0 0 0 0 0 0 0 0 0 0 0 0 0 0 195 196 202 206 212 211 
0 0 0 0 0 0 0 0 0 0 0 0 0 0 0 0 0 0 0 0 0 0 0 0 0 0 0 0 0 0 0 0 0 0 201 206 209 217 214 
0 0 0 0 0 0 0 0 0 0 0 0 0 0 0 0 0 0 0 0 0 0 0 0 0 0 0 0 0 0 0 0 0 0 0 210 214 222 219 
0 0 0 0 0 0 0 0 0 0 0 0 0 0 0 0 0 0 0 0 0 0 0 0 0 0 0 0 0 0 0 0 0 0 0 0 219 226 225 
0 0 0 0 0 0 0 0 0 0 0 0 0 0 0 0 0 0 0 0 0 0 0 0 0 0 0 0 0 0 0 0 0 0 0 0 0 230 227 
0 0 0 0 0 0 0 0 0 0 0 0 0 0 0 0 0 0 0 0 0 0 0 0 0 0 0 0 0 0 0 0 0 0 0 0 0 0 232 
