3 4 5 6 7 8 9 10 11 12 13 14 15 16 17 18 19 20 21 22 23 24 25 26 27 28 29 30 31 32 33 34 35 36 37 38 39 40 41 
0 6 7 8 9 10 11 12 13 14 15 16 17 18 19 20 21 22 23 24 25 26 27 28 29 30 31 32 33 34 35 36 37 38 39 40 41 42 43 
0 0 9 10 12 13 14 15 16 17 18 19 20 21 22 23 24 25 26 27 28 29 30 31 32 33 34 35 36 37 38 39 40 41 42 43 44 45 46 
0 0 0 12 14 15 17 18 19 21 22 23 24 25 26 27 28 29 30 31 32 33 34 35 36 37 38 39 40 41 42 43 44 45 46 47 48 49 50 
0 0 0 0 16 18 19 21 22 24 25 27 28 29 30 32 33 34 35 36 37 38 39 40 41 42 43 44 45 46 47 48 49 50 51 52 53 54 55 
0 0 0 0 0 21 22 24 25 27 28 30 31 33 34 36 37 38 39 41 43 44 45 46 47 48 49 50 51 52 53 54 55 56 57 58 59 60 61 
0 0 0 0 0 0 24 26 28 30 32 33 35 36 37 39 40 42 43 45 46 48 49 50 53 53 54 55 57 58 60 61 62 63 64 65 66 67 68 
0 0 0 0 0 0 0 29 31 33 35 36 39 40 41 43 45 46 48 49 51 52 53 55 56 58 59 60 62 63 65 66 67 69 70 72 73 75 76 
0 0 0 0 0 0 0 0 34 36 39 40 42 44 45 47 49 50 52 54 55 56 58 59 61 62 64 65 66 68 70 71 72 73 75 76 78 79 82 
0 0 0 0 0 0 0 0 0 39 42 44 45 47 48 51 53 54 56 58 60 62 63 64 66 68 69 71 72 73 75 76 77 79 81 82 83 85 86 
0 0 0 0 0 0 0 0 0 0 45 48 49 51 53 55 56 59 60 62 65 66 67 69 71 73 74 76 76 79 80 82 83 85 86 88 89 91 93 
0 0 0 0 0 0 0 0 0 0 0 52 53 55 57 58 60 62 65 66 68 70 71 73 75 76 79 81 83 84 86 88 89 91 91 93 96 97 99 
0 0 0 0 0 0 0 0 0 0 0 0 55 57 60 62 65 66 68 70 72 75 77 78 80 82 84 85 87 89 90 93 94 97 99 99 101 103 103 
0 0 0 0 0 0 0 0 0 0 0 0 0 61 64 67 69 72 74 75 76 79 81 82 84 86 89 91 93 95 96 97 99 101 103 105 107 109 111 
0 0 0 0 0 0 0 0 0 0 0 0 0 0 67 70 73 76 78 80 82 84 85 87 87 90 94 96 98 100 102 104 104 107 108 111 111 115 116 
0 0 0 0 0 0 0 0 0 0 0 0 0 0 0 74 77 80 83 85 87 89 90 90 92 96 98 99 102 102 107 109 109 112 114 117 119 119 124 
0 0 0 0 0 0 0 0 0 0 0 0 0 0 0 0 81 84 87 90 91 93 95 97 98 100 101 104 106 107 112 114 116 118 120 122 122 124 127 
0 0 0 0 0 0 0 0 0 0 0 0 0 0 0 0 0 88 92 95 96 98 100 101 103 105 106 108 111 114 117 119 121 122 125 124 128 130 133 
0 0 0 0 0 0 0 0 0 0 0 0 0 0 0 0 0 0 96 100 101 103 105 107 108 110 112 114 116 118 121 123 125 125 129 132 134 136 139 
0 0 0 0 0 0 0 0 0 0 0 0 0 0 0 0 0 0 0 105 106 108 110 112 113 114 116 118 119 123 125 128 130 132 135 137 139 141 144 
0 0 0 0 0 0 0 0 0 0 0 0 0 0 0 0 0 0 0 0 108 110 112 115 117 119 121 123 124 128 131 134 136 138 140 142 143 146 148 
0 0 0 0 0 0 0 0 0 0 0 0 0 0 0 0 0 0 0 0 0 113 116 118 121 123 124 127 130 131 135 138 141 143 147 149 151 153 155 
0 0 0 0 0 0 0 0 0 0 0 0 0 0 0 0 0 0 0 0 0 0 120 122 125 127 129 132 134 136 139 142 145 148 152 155 157 158 160 
0 0 0 0 0 0 0 0 0 0 0 0 0 0 0 0 0 0 0 0 0 0 0 125 128 133 136 139 145 148 150 152 154 156 158 160 161 164 165 
0 0 0 0 0 0 0 0 0 0 0 0 0 0 0 0 0 0 0 0 0 0 0 0 136 140 143 148 152 156 157 159 161 163 164 166 167 168 170 
0 0 0 0 0 0 0 0 0 0 0 0 0 0 0 0 0 0 0 0 0 0 0 0 0 144 150 155 159 162 163 165 167 169 171 173 175 177 177 
0 0 0 0 0 0 0 0 0 0 0 0 0 0 0 0 0 0 0 0 0 0 0 0 0 0 155 160 165 168 169 171 173 175 177 178 180 182 183 
0 0 0 0 0 0 0 0 0 0 0 0 0 0 0 0 0 0 0 0 0 0 0 0 0 0 0 165 170 174 175 177 179 182 184 186 186 188 190 
0 0 0 0 0 0 0 0 0 0 0 0 0 0 0 0 0 0 0 0 0 0 0 0 0 0 0 0 175 180 181 183 186 188 190 192 192 194 195 
0 0 0 0 0 0 0 0 0 0 0 0 0 0 0 0 0 0 0 0 0 0 0 0 0 0 0 0 0 186 187 189 192 194 196 198 199 202 204 
0 0 0 0 0 0 0 0 0 0 0 0 0 0 0 0 0 0 0 0 0 0 0 0 0 0 0 0 0 0 189 191 193 196 198 201 203 205 207 
0 0 0 0 0 0 0 0 0 0 0 0 0 0 0 0 0 0 0 0 0 0 0 0 0 0 0 0 0 0 0 194 197 199 202 204 205 209 211 
0 0 0 0 0 0 0 0 0 0 0 0 0 0 0 0 0 0 0 0 0 0 0 0 0 0 0 0 0 0 0 0 200 202 206 208 211 214 217 
0 0 0 0 0 0 0 0 0 0 0 0 0 0 0 0 0 0 0 0 0 0 0 0 0 0 0 0 0 0 0 0 0 206 209 213 216 218 221 
0 0 0 0 0 0 0 0 0 0 0 0 0 0 0 0 0 0 0 0 0 0 0 0 0 0 0 0 0 0 0 0 0 0 213 216 220 223 226 
0 0 0 0 0 0 0 0 0 0 0 0 0 0 0 0 0 0 0 0 0 0 0 0 0 0 0 0 0 0 0 0 0 0 0 221 224 227 229 
0 0 0 0 0 0 0 0 0 0 0 0 0 0 0 0 0 0 0 0 0 0 0 0 0 0 0 0 0 0 0 0 0 0 0 0 228 231 234 
0 0 0 0 0 0 0 0 0 0 0 0 0 0 0 0 0 0 0 0 0 0 0 0 0 0 0 0 0 0 0 0 0 0 0 0 0 235 239 
0 0 0 0 0 0 0 0 0 0 0 0 0 0 0 0 0 0 0 0 0 0 0 0 0 0 0 0 0 0 0 0 0 0 0 0 0 0 243 
