3 4 5 6 7 8 9 10 11 12 13 14 15 16 17 18 19 20 21 22 23 24 25 26 27 28 29 30 31 32 33 34 35 36 37 38 39 40 41 
0 6 7 8 9 10 11 12 13 14 15 16 17 18 19 20 21 22 23 24 25 26 27 28 29 30 31 32 33 34 35 36 37 38 39 40 41 42 43 
0 0 9 10 12 13 14 15 16 17 18 19 20 21 22 23 24 25 26 27 28 29 30 31 32 33 34 35 36 37 38 39 40 41 42 43 44 45 46 
0 0 0 12 14 15 17 18 20 21 22 23 24 25 26 27 28 29 30 31 32 33 34 35 36 37 38 39 40 41 42 43 44 45 46 47 48 49 50 
0 0 0 0 16 18 19 21 22 24 25 27 28 30 31 32 33 34 35 36 37 38 39 40 41 42 43 44 45 46 47 48 49 50 51 52 53 54 55 
0 0 0 0 0 21 22 24 25 27 28 30 31 33 34 36 37 39 40 42 43 44 45 46 47 48 49 50 51 52 53 54 55 56 57 58 59 60 61 
0 0 0 0 0 0 24 26 28 30 32 33 35 36 38 39 41 42 44 45 47 48 50 51 52 54 55 56 58 59 60 61 62 63 64 65 66 67 68 
0 0 0 0 0 0 0 29 31 33 36 37 39 40 42 43 45 46 48 49 51 52 54 55 57 58 60 61 63 64 66 67 68 70 71 72 74 75 76 
0 0 0 0 0 0 0 0 34 36 39 40 42 44 46 47 49 51 52 54 55 57 58 60 61 63 64 66 67 69 70 72 73 75 76 78 79 81 82 
0 0 0 0 0 0 0 0 0 39 42 44 45 47 50 51 53 55 57 59 60 62 63 65 66 68 69 71 72 74 75 77 78 80 81 83 84 86 87 
0 0 0 0 0 0 0 0 0 0 45 48 49 51 53 55 57 59 61 63 65 66 68 70 71 73 75 76 77 79 81 82 84 85 87 88 90 91 93 
0 0 0 0 0 0 0 0 0 0 0 52 53 55 57 59 61 63 66 67 69 70 72 74 78 79 81 81 83 85 86 88 89 91 93 94 96 97 99 
0 0 0 0 0 0 0 0 0 0 0 0 56 58 60 63 65 68 70 72 73 75 78 80 82 84 85 87 89 90 92 94 95 97 98 100 102 103 105 
0 0 0 0 0 0 0 0 0 0 0 0 0 61 64 67 69 72 75 77 78 80 82 85 86 88 90 92 94 96 97 99 101 103 104 107 109 111 111 
0 0 0 0 0 0 0 0 0 0 0 0 0 0 67 70 73 76 80 80 82 84 86 90 91 92 94 97 99 101 103 105 106 108 110 113 114 116 118 
0 0 0 0 0 0 0 0 0 0 0 0 0 0 0 74 77 80 84 85 87 89 91 94 96 97 99 102 104 106 108 110 112 114 116 118 120 122 124 
0 0 0 0 0 0 0 0 0 0 0 0 0 0 0 0 81 84 88 90 91 93 95 98 100 102 105 107 109 111 113 116 117 119 121 123 126 128 129 
0 0 0 0 0 0 0 0 0 0 0 0 0 0 0 0 0 88 92 95 96 98 100 103 106 108 111 113 114 116 118 121 123 125 127 129 131 134 135 
0 0 0 0 0 0 0 0 0 0 0 0 0 0 0 0 0 0 96 100 101 103 105 108 111 113 116 119 120 122 124 126 128 131 133 135 137 139 141 
0 0 0 0 0 0 0 0 0 0 0 0 0 0 0 0 0 0 0 105 106 108 110 112 116 118 121 125 126 128 130 131 134 136 138 141 142 145 147 
0 0 0 0 0 0 0 0 0 0 0 0 0 0 0 0 0 0 0 0 108 110 113 116 120 123 126 130 132 133 136 138 140 141 144 146 149 151 153 
0 0 0 0 0 0 0 0 0 0 0 0 0 0 0 0 0 0 0 0 0 113 116 121 125 128 131 135 138 139 141 143 145 147 148 151 154 156 159 
0 0 0 0 0 0 0 0 0 0 0 0 0 0 0 0 0 0 0 0 0 0 120 125 129 133 136 140 144 145 147 149 151 153 155 156 159 162 165 
0 0 0 0 0 0 0 0 0 0 0 0 0 0 0 0 0 0 0 0 0 0 0 130 134 138 141 145 150 151 153 155 157 159 162 164 166 168 170 
0 0 0 0 0 0 0 0 0 0 0 0 0 0 0 0 0 0 0 0 0 0 0 0 138 142 146 150 155 156 158 161 163 165 167 170 172 174 175 
0 0 0 0 0 0 0 0 0 0 0 0 0 0 0 0 0 0 0 0 0 0 0 0 0 147 151 155 160 162 163 166 168 170 172 175 178 180 182 
0 0 0 0 0 0 0 0 0 0 0 0 0 0 0 0 0 0 0 0 0 0 0 0 0 0 156 160 165 168 169 171 174 176 178 180 183 186 188 
0 0 0 0 0 0 0 0 0 0 0 0 0 0 0 0 0 0 0 0 0 0 0 0 0 0 0 165 170 174 175 177 180 182 184 186 189 192 194 
0 0 0 0 0 0 0 0 0 0 0 0 0 0 0 0 0 0 0 0 0 0 0 0 0 0 0 0 175 180 181 183 186 188 190 192 195 198 200 
0 0 0 0 0 0 0 0 0 0 0 0 0 0 0 0 0 0 0 0 0 0 0 0 0 0 0 0 0 186 187 189 192 194 196 198 201 204 206 
0 0 0 0 0 0 0 0 0 0 0 0 0 0 0 0 0 0 0 0 0 0 0 0 0 0 0 0 0 0 189 191 194 196 199 201 205 208 211 
0 0 0 0 0 0 0 0 0 0 0 0 0 0 0 0 0 0 0 0 0 0 0 0 0 0 0 0 0 0 0 194 197 199 202 204 209 213 216 
0 0 0 0 0 0 0 0 0 0 0 0 0 0 0 0 0 0 0 0 0 0 0 0 0 0 0 0 0 0 0 0 202 204 207 210 214 217 220 
0 0 0 0 0 0 0 0 0 0 0 0 0 0 0 0 0 0 0 0 0 0 0 0 0 0 0 0 0 0 0 0 0 207 210 214 218 221 225 
0 0 0 0 0 0 0 0 0 0 0 0 0 0 0 0 0 0 0 0 0 0 0 0 0 0 0 0 0 0 0 0 0 0 215 218 223 226 229 
0 0 0 0 0 0 0 0 0 0 0 0 0 0 0 0 0 0 0 0 0 0 0 0 0 0 0 0 0 0 0 0 0 0 0 223 227 231 235 
0 0 0 0 0 0 0 0 0 0 0 0 0 0 0 0 0 0 0 0 0 0 0 0 0 0 0 0 0 0 0 0 0 0 0 0 231 235 239 
0 0 0 0 0 0 0 0 0 0 0 0 0 0 0 0 0 0 0 0 0 0 0 0 0 0 0 0 0 0 0 0 0 0 0 0 0 241 244 
0 0 0 0 0 0 0 0 0 0 0 0 0 0 0 0 0 0 0 0 0 0 0 0 0 0 0 0 0 0 0 0 0 0 0 0 0 0 249 
