3 4 5 6 7 8 9 10 11 12 13 14 15 16 17 18 19 20 21 22 23 24 25 26 27 28 29 30 31 32 33 34 35 36 37 38 39 40 41 
0 6 7 8 9 10 11 12 13 14 15 16 17 18 19 20 21 22 23 24 25 26 27 28 29 30 31 32 33 34 35 36 37 38 39 40 41 42 43 
0 0 9 10 12 13 14 15 16 17 18 19 20 21 22 23 24 25 26 27 28 29 30 31 32 33 34 35 36 37 38 39 40 41 42 43 44 45 46 
0 0 0 12 14 15 17 18 20 21 22 23 24 25 26 27 28 29 30 31 32 33 34 35 36 37 38 39 40 41 42 43 44 45 46 47 48 49 50 
0 0 0 0 16 18 19 21 22 24 25 27 28 30 31 32 33 34 35 36 37 38 39 40 41 42 43 44 45 46 47 48 49 50 51 52 53 54 55 
0 0 0 0 0 21 22 24 25 27 28 30 31 33 34 36 37 39 40 42 43 44 45 46 47 48 49 50 51 52 53 54 55 56 57 58 59 60 61 
0 0 0 0 0 0 24 26 28 30 32 33 35 36 38 39 41 42 44 45 47 48 50 51 52 54 56 56 58 59 60 61 62 63 64 65 66 67 68 
0 0 0 0 0 0 0 29 31 33 36 37 39 40 42 43 45 46 48 49 51 52 54 55 57 58 60 61 63 64 66 67 68 69 71 72 73 75 76 
0 0 0 0 0 0 0 0 34 36 39 40 42 44 46 47 49 50 52 54 55 57 58 60 61 63 64 66 67 69 70 72 73 75 76 78 79 81 82 
0 0 0 0 0 0 0 0 0 39 42 44 45 47 50 51 53 55 56 58 60 62 63 65 66 68 69 71 72 74 75 77 78 80 81 83 84 86 87 
0 0 0 0 0 0 0 0 0 0 45 48 49 51 53 55 57 59 61 63 65 66 68 70 71 73 75 76 78 79 81 82 84 85 87 88 90 91 93 
0 0 0 0 0 0 0 0 0 0 0 52 53 55 57 59 61 64 65 66 69 71 72 74 76 78 80 81 84 85 86 88 89 91 93 94 96 97 98 
0 0 0 0 0 0 0 0 0 0 0 0 56 57 60 63 65 68 70 71 73 75 77 78 80 83 85 87 89 90 92 93 96 97 99 100 102 103 105 
0 0 0 0 0 0 0 0 0 0 0 0 0 61 64 67 69 72 74 77 77 79 81 84 85 87 90 91 94 96 97 98 101 103 105 107 108 110 111 
0 0 0 0 0 0 0 0 0 0 0 0 0 0 67 70 73 76 79 81 82 84 87 88 91 91 94 97 98 100 102 104 106 108 110 113 114 116 118 
0 0 0 0 0 0 0 0 0 0 0 0 0 0 0 74 77 80 84 85 87 89 91 93 96 98 100 102 103 105 107 109 111 114 115 118 120 122 123 
0 0 0 0 0 0 0 0 0 0 0 0 0 0 0 0 81 84 88 90 91 93 95 97 100 103 105 106 108 111 113 114 116 119 120 123 125 127 130 
0 0 0 0 0 0 0 0 0 0 0 0 0 0 0 0 0 88 92 95 96 98 100 101 104 108 110 112 114 116 118 119 121 124 126 128 130 133 136 
0 0 0 0 0 0 0 0 0 0 0 0 0 0 0 0 0 0 96 100 101 103 105 107 110 112 116 117 119 121 123 124 126 129 132 133 135 138 141 
0 0 0 0 0 0 0 0 0 0 0 0 0 0 0 0 0 0 0 105 106 108 110 112 115 118 121 122 125 127 127 129 131 134 137 138 140 143 146 
0 0 0 0 0 0 0 0 0 0 0 0 0 0 0 0 0 0 0 0 108 110 113 116 120 123 126 128 131 133 135 136 138 139 142 143 145 148 151 
0 0 0 0 0 0 0 0 0 0 0 0 0 0 0 0 0 0 0 0 0 113 116 119 125 128 131 134 136 138 140 142 143 144 147 149 151 154 156 
0 0 0 0 0 0 0 0 0 0 0 0 0 0 0 0 0 0 0 0 0 0 120 123 129 133 136 140 143 144 146 147 149 149 152 155 158 160 161 
0 0 0 0 0 0 0 0 0 0 0 0 0 0 0 0 0 0 0 0 0 0 0 126 133 138 141 145 149 150 151 153 154 156 158 161 164 166 169 
0 0 0 0 0 0 0 0 0 0 0 0 0 0 0 0 0 0 0 0 0 0 0 0 137 142 146 150 155 156 157 159 162 164 166 167 169 171 175 
0 0 0 0 0 0 0 0 0 0 0 0 0 0 0 0 0 0 0 0 0 0 0 0 0 147 151 155 160 162 163 165 168 170 172 174 175 178 181 
0 0 0 0 0 0 0 0 0 0 0 0 0 0 0 0 0 0 0 0 0 0 0 0 0 0 156 160 165 168 169 171 174 176 178 180 181 184 186 
0 0 0 0 0 0 0 0 0 0 0 0 0 0 0 0 0 0 0 0 0 0 0 0 0 0 0 165 170 174 175 177 180 182 184 186 187 190 191 
0 0 0 0 0 0 0 0 0 0 0 0 0 0 0 0 0 0 0 0 0 0 0 0 0 0 0 0 175 180 181 183 186 188 190 192 193 196 197 
0 0 0 0 0 0 0 0 0 0 0 0 0 0 0 0 0 0 0 0 0 0 0 0 0 0 0 0 0 186 187 189 192 194 196 198 199 202 204 
0 0 0 0 0 0 0 0 0 0 0 0 0 0 0 0 0 0 0 0 0 0 0 0 0 0 0 0 0 0 189 191 194 196 199 201 203 206 209 
0 0 0 0 0 0 0 0 0 0 0 0 0 0 0 0 0 0 0 0 0 0 0 0 0 0 0 0 0 0 0 195 198 199 202 205 207 210 212 
0 0 0 0 0 0 0 0 0 0 0 0 0 0 0 0 0 0 0 0 0 0 0 0 0 0 0 0 0 0 0 0 202 203 206 209 212 215 217 
0 0 0 0 0 0 0 0 0 0 0 0 0 0 0 0 0 0 0 0 0 0 0 0 0 0 0 0 0 0 0 0 0 207 211 213 217 219 221 
0 0 0 0 0 0 0 0 0 0 0 0 0 0 0 0 0 0 0 0 0 0 0 0 0 0 0 0 0 0 0 0 0 0 215 217 221 223 226 
0 0 0 0 0 0 0 0 0 0 0 0 0 0 0 0 0 0 0 0 0 0 0 0 0 0 0 0 0 0 0 0 0 0 0 221 225 228 231 
0 0 0 0 0 0 0 0 0 0 0 0 0 0 0 0 0 0 0 0 0 0 0 0 0 0 0 0 0 0 0 0 0 0 0 0 229 232 236 
0 0 0 0 0 0 0 0 0 0 0 0 0 0 0 0 0 0 0 0 0 0 0 0 0 0 0 0 0 0 0 0 0 0 0 0 0 237 240 
0 0 0 0 0 0 0 0 0 0 0 0 0 0 0 0 0 0 0 0 0 0 0 0 0 0 0 0 0 0 0 0 0 0 0 0 0 0 244 
