3 4 5 6 7 8 9 10 11 12 13 14 15 16 17 18 19 20 21 22 23 24 25 26 27 28 29 30 31 32 33 34 35 36 37 38 39 40 41 
0 6 7 8 9 10 11 12 13 14 15 16 17 18 19 20 21 22 23 24 25 26 27 28 29 30 31 32 33 34 35 36 37 38 39 40 41 42 43 
0 0 9 10 12 13 14 15 16 17 18 19 20 21 22 23 24 25 26 27 28 29 30 31 32 33 34 35 36 37 38 39 40 41 42 43 44 45 46 
0 0 0 12 14 15 17 18 19 21 22 23 24 25 26 27 28 29 30 31 32 33 34 35 36 37 38 39 40 41 42 43 44 45 46 47 48 49 50 
0 0 0 0 16 18 19 21 22 24 25 27 28 29 31 32 33 34 35 36 37 38 39 40 41 42 43 44 45 46 47 48 49 50 51 52 53 54 55 
0 0 0 0 0 21 22 24 25 27 28 30 31 33 34 35 37 38 40 41 43 44 45 46 47 48 49 50 51 52 53 54 55 56 57 58 59 60 61 
0 0 0 0 0 0 24 26 28 30 32 33 35 36 37 39 41 42 44 45 46 47 49 50 53 54 54 56 57 58 60 61 62 63 64 65 66 67 68 
0 0 0 0 0 0 0 29 31 33 35 37 39 40 42 43 45 46 48 49 50 52 54 55 56 57 59 60 63 63 65 67 68 68 70 72 72 74 76 
0 0 0 0 0 0 0 0 34 36 38 40 42 43 44 47 49 50 52 54 54 57 58 59 61 63 64 66 67 68 69 71 72 74 74 77 78 80 81 
0 0 0 0 0 0 0 0 0 39 42 44 45 47 49 51 53 54 56 58 60 62 63 65 66 67 69 70 72 73 75 77 78 79 80 82 83 85 86 
0 0 0 0 0 0 0 0 0 0 45 48 49 51 53 54 56 59 61 62 65 66 67 69 71 72 74 76 77 79 80 82 83 85 86 88 90 90 92 
0 0 0 0 0 0 0 0 0 0 0 52 53 55 57 58 61 62 65 67 69 71 72 74 76 78 79 81 83 85 86 87 90 91 93 94 95 97 98 
0 0 0 0 0 0 0 0 0 0 0 0 55 58 60 62 65 67 68 71 73 75 77 79 80 82 84 85 88 88 91 92 95 97 99 101 102 104 104 
0 0 0 0 0 0 0 0 0 0 0 0 0 61 64 67 69 72 74 75 78 80 81 83 85 86 89 91 93 95 97 98 99 102 105 107 108 110 112 
0 0 0 0 0 0 0 0 0 0 0 0 0 0 67 70 73 76 78 80 82 84 85 89 90 92 93 96 98 100 101 104 106 108 108 112 114 115 115 
0 0 0 0 0 0 0 0 0 0 0 0 0 0 0 74 77 80 83 85 87 89 91 93 95 97 100 100 103 105 107 107 110 113 114 116 119 121 124 
0 0 0 0 0 0 0 0 0 0 0 0 0 0 0 0 81 84 87 90 91 93 95 96 99 102 105 107 109 110 112 114 116 118 119 121 124 127 130 
0 0 0 0 0 0 0 0 0 0 0 0 0 0 0 0 0 88 92 95 96 98 100 102 104 107 109 111 112 113 116 119 120 123 124 126 130 132 135 
0 0 0 0 0 0 0 0 0 0 0 0 0 0 0 0 0 0 96 100 101 103 105 107 109 110 115 117 119 121 122 123 126 127 130 132 135 137 140 
0 0 0 0 0 0 0 0 0 0 0 0 0 0 0 0 0 0 0 105 106 108 110 112 113 115 119 121 124 126 128 130 132 132 134 137 137 141 144 
0 0 0 0 0 0 0 0 0 0 0 0 0 0 0 0 0 0 0 0 108 110 112 114 117 119 124 127 128 130 131 134 137 139 141 143 145 148 150 
0 0 0 0 0 0 0 0 0 0 0 0 0 0 0 0 0 0 0 0 0 113 116 118 121 123 129 132 134 136 138 140 142 143 147 149 148 154 155 
0 0 0 0 0 0 0 0 0 0 0 0 0 0 0 0 0 0 0 0 0 0 120 122 125 128 136 139 142 144 145 147 148 150 152 155 158 160 162 
0 0 0 0 0 0 0 0 0 0 0 0 0 0 0 0 0 0 0 0 0 0 0 126 130 133 139 142 145 148 151 153 155 158 160 161 163 165 167 
0 0 0 0 0 0 0 0 0 0 0 0 0 0 0 0 0 0 0 0 0 0 0 0 134 142 146 150 153 156 157 159 161 163 166 167 169 171 173 
0 0 0 0 0 0 0 0 0 0 0 0 0 0 0 0 0 0 0 0 0 0 0 0 0 146 151 155 159 162 163 165 167 169 172 174 175 176 179 
0 0 0 0 0 0 0 0 0 0 0 0 0 0 0 0 0 0 0 0 0 0 0 0 0 0 156 160 165 168 169 171 173 175 178 180 181 183 184 
0 0 0 0 0 0 0 0 0 0 0 0 0 0 0 0 0 0 0 0 0 0 0 0 0 0 0 165 170 174 175 177 179 182 184 186 187 189 191 
0 0 0 0 0 0 0 0 0 0 0 0 0 0 0 0 0 0 0 0 0 0 0 0 0 0 0 0 175 180 181 183 186 188 190 192 193 195 197 
0 0 0 0 0 0 0 0 0 0 0 0 0 0 0 0 0 0 0 0 0 0 0 0 0 0 0 0 0 186 187 189 191 194 196 198 199 201 204 
0 0 0 0 0 0 0 0 0 0 0 0 0 0 0 0 0 0 0 0 0 0 0 0 0 0 0 0 0 0 189 191 193 196 198 201 203 205 208 
0 0 0 0 0 0 0 0 0 0 0 0 0 0 0 0 0 0 0 0 0 0 0 0 0 0 0 0 0 0 0 194 197 198 201 204 207 210 212 
0 0 0 0 0 0 0 0 0 0 0 0 0 0 0 0 0 0 0 0 0 0 0 0 0 0 0 0 0 0 0 0 200 203 206 209 212 214 217 
0 0 0 0 0 0 0 0 0 0 0 0 0 0 0 0 0 0 0 0 0 0 0 0 0 0 0 0 0 0 0 0 0 207 210 213 216 218 222 
0 0 0 0 0 0 0 0 0 0 0 0 0 0 0 0 0 0 0 0 0 0 0 0 0 0 0 0 0 0 0 0 0 0 213 217 221 224 227 
0 0 0 0 0 0 0 0 0 0 0 0 0 0 0 0 0 0 0 0 0 0 0 0 0 0 0 0 0 0 0 0 0 0 0 221 224 228 231 
0 0 0 0 0 0 0 0 0 0 0 0 0 0 0 0 0 0 0 0 0 0 0 0 0 0 0 0 0 0 0 0 0 0 0 0 228 232 235 
0 0 0 0 0 0 0 0 0 0 0 0 0 0 0 0 0 0 0 0 0 0 0 0 0 0 0 0 0 0 0 0 0 0 0 0 0 236 240 
0 0 0 0 0 0 0 0 0 0 0 0 0 0 0 0 0 0 0 0 0 0 0 0 0 0 0 0 0 0 0 0 0 0 0 0 0 0 244 
