3 4 5 6 7 8 9 10 11 12 13 14 15 16 17 18 19 20 21 22 23 24 25 26 27 28 29 30 31 32 33 34 35 36 37 38 39 40 41 
0 6 7 8 9 10 11 12 13 14 15 16 17 18 19 20 21 22 23 24 25 26 27 28 29 30 31 32 33 34 35 36 37 38 39 40 41 42 43 
0 0 9 10 12 13 14 15 16 17 18 19 20 21 22 23 24 25 26 27 28 29 30 31 32 33 34 35 36 37 38 39 40 41 42 43 44 45 46 
0 0 0 12 14 15 17 18 20 21 22 23 24 25 26 27 28 29 30 31 32 33 34 35 36 37 38 39 40 41 42 43 44 45 46 47 48 49 50 
0 0 0 0 16 18 19 21 22 24 25 27 28 30 31 32 33 34 35 36 37 38 39 40 41 42 43 44 45 46 47 48 49 50 51 52 53 54 55 
0 0 0 0 0 21 22 24 25 27 28 30 31 32 34 36 37 38 40 41 43 44 44 46 47 48 49 50 51 52 53 54 55 56 57 58 59 60 61 
0 0 0 0 0 0 24 26 28 30 31 33 35 36 38 39 41 42 44 45 47 48 49 50 52 53 54 55 57 58 59 61 61 63 63 65 66 67 68 
0 0 0 0 0 0 0 29 31 33 36 37 39 40 42 43 45 46 47 49 51 52 54 55 56 58 59 60 61 63 65 65 67 68 70 71 73 74 75 
0 0 0 0 0 0 0 0 34 36 39 40 41 44 45 47 48 50 52 53 55 57 58 59 61 63 64 66 66 69 69 71 72 74 76 78 78 80 81 
0 0 0 0 0 0 0 0 0 39 42 43 45 47 50 50 52 55 56 58 59 61 62 64 65 68 69 71 72 74 74 76 78 79 81 82 83 84 87 
0 0 0 0 0 0 0 0 0 0 45 48 49 51 53 55 57 58 60 63 64 66 67 69 70 73 74 75 77 78 80 82 83 85 86 87 90 91 92 
0 0 0 0 0 0 0 0 0 0 0 52 53 55 57 59 61 63 65 66 69 70 72 73 75 77 79 81 84 82 85 87 89 91 92 93 94 96 97 
0 0 0 0 0 0 0 0 0 0 0 0 55 57 59 63 64 66 70 71 73 74 76 77 80 83 84 85 88 87 91 93 95 95 97 100 102 103 104 
0 0 0 0 0 0 0 0 0 0 0 0 0 61 64 67 69 71 74 77 77 79 81 84 85 87 89 91 92 94 95 97 100 103 105 105 107 109 111 
0 0 0 0 0 0 0 0 0 0 0 0 0 0 67 70 73 76 79 80 81 83 87 89 91 91 93 96 97 98 102 103 106 107 110 111 113 114 116 
0 0 0 0 0 0 0 0 0 0 0 0 0 0 0 74 77 80 84 85 87 89 91 93 96 98 98 100 102 105 107 109 109 110 114 117 119 122 123 
0 0 0 0 0 0 0 0 0 0 0 0 0 0 0 0 81 84 88 90 91 93 95 97 100 103 103 105 107 110 112 114 116 118 118 122 124 128 129 
0 0 0 0 0 0 0 0 0 0 0 0 0 0 0 0 0 88 92 95 96 98 100 102 104 107 108 110 110 115 117 119 121 124 125 128 130 133 134 
0 0 0 0 0 0 0 0 0 0 0 0 0 0 0 0 0 0 96 100 101 103 105 107 108 112 112 115 116 120 120 124 126 127 131 133 133 138 138 
0 0 0 0 0 0 0 0 0 0 0 0 0 0 0 0 0 0 0 105 106 108 110 111 113 116 117 120 120 123 127 128 131 132 135 136 139 142 142 
0 0 0 0 0 0 0 0 0 0 0 0 0 0 0 0 0 0 0 0 108 110 113 114 117 121 121 123 126 127 130 134 136 137 141 144 145 147 149 
0 0 0 0 0 0 0 0 0 0 0 0 0 0 0 0 0 0 0 0 0 113 116 118 121 126 125 128 131 133 136 138 142 144 146 149 151 152 155 
0 0 0 0 0 0 0 0 0 0 0 0 0 0 0 0 0 0 0 0 0 0 120 122 125 130 129 132 135 138 140 143 147 149 152 155 156 159 161 
0 0 0 0 0 0 0 0 0 0 0 0 0 0 0 0 0 0 0 0 0 0 0 126 128 134 134 137 140 142 146 148 152 155 158 161 163 165 167 
0 0 0 0 0 0 0 0 0 0 0 0 0 0 0 0 0 0 0 0 0 0 0 0 134 139 141 147 151 156 157 159 161 164 165 166 168 171 173 
0 0 0 0 0 0 0 0 0 0 0 0 0 0 0 0 0 0 0 0 0 0 0 0 0 146 151 155 160 162 163 165 167 170 172 173 174 176 178 
0 0 0 0 0 0 0 0 0 0 0 0 0 0 0 0 0 0 0 0 0 0 0 0 0 0 156 160 165 168 169 171 173 176 178 180 181 183 185 
0 0 0 0 0 0 0 0 0 0 0 0 0 0 0 0 0 0 0 0 0 0 0 0 0 0 0 165 170 174 175 177 180 182 184 186 187 189 190 
0 0 0 0 0 0 0 0 0 0 0 0 0 0 0 0 0 0 0 0 0 0 0 0 0 0 0 0 175 180 181 183 186 188 190 192 193 195 196 
0 0 0 0 0 0 0 0 0 0 0 0 0 0 0 0 0 0 0 0 0 0 0 0 0 0 0 0 0 186 187 189 192 194 196 197 198 201 203 
0 0 0 0 0 0 0 0 0 0 0 0 0 0 0 0 0 0 0 0 0 0 0 0 0 0 0 0 0 0 189 191 194 196 199 201 202 206 208 
0 0 0 0 0 0 0 0 0 0 0 0 0 0 0 0 0 0 0 0 0 0 0 0 0 0 0 0 0 0 0 194 197 199 202 204 207 209 212 
0 0 0 0 0 0 0 0 0 0 0 0 0 0 0 0 0 0 0 0 0 0 0 0 0 0 0 0 0 0 0 0 200 203 205 208 211 212 216 
0 0 0 0 0 0 0 0 0 0 0 0 0 0 0 0 0 0 0 0 0 0 0 0 0 0 0 0 0 0 0 0 0 207 210 213 216 219 221 
0 0 0 0 0 0 0 0 0 0 0 0 0 0 0 0 0 0 0 0 0 0 0 0 0 0 0 0 0 0 0 0 0 0 213 217 220 223 225 
0 0 0 0 0 0 0 0 0 0 0 0 0 0 0 0 0 0 0 0 0 0 0 0 0 0 0 0 0 0 0 0 0 0 0 221 225 227 231 
0 0 0 0 0 0 0 0 0 0 0 0 0 0 0 0 0 0 0 0 0 0 0 0 0 0 0 0 0 0 0 0 0 0 0 0 228 231 235 
0 0 0 0 0 0 0 0 0 0 0 0 0 0 0 0 0 0 0 0 0 0 0 0 0 0 0 0 0 0 0 0 0 0 0 0 0 236 240 
0 0 0 0 0 0 0 0 0 0 0 0 0 0 0 0 0 0 0 0 0 0 0 0 0 0 0 0 0 0 0 0 0 0 0 0 0 0 244 
