3 4 5 6 7 8 9 10 11 12 13 14 15 16 17 18 19 20 21 22 23 24 25 26 27 28 29 30 31 32 33 34 35 36 37 38 39 40 41 
0 6 7 8 9 10 11 12 13 14 15 16 17 18 19 20 21 22 23 24 25 26 27 28 29 30 31 32 33 34 35 36 37 38 39 40 41 42 43 
0 0 9 10 12 13 14 15 16 17 18 19 20 21 22 23 24 25 26 27 28 29 30 31 32 33 34 35 36 37 38 39 40 41 42 43 44 45 46 
0 0 0 12 14 15 17 18 20 21 22 23 24 25 26 27 28 29 30 31 32 33 34 35 36 37 38 39 40 41 42 43 44 45 46 47 48 49 50 
0 0 0 0 16 18 19 21 22 24 25 27 28 29 30 32 33 34 35 36 37 38 39 40 41 42 43 44 45 46 47 48 49 50 51 52 53 54 55 
0 0 0 0 0 21 22 24 25 27 28 30 31 33 34 36 37 38 40 41 43 44 45 46 47 48 49 50 51 52 53 54 55 56 57 58 59 60 61 
0 0 0 0 0 0 24 26 28 30 32 33 35 36 38 39 41 42 43 44 46 48 49 50 52 53 55 56 57 58 60 61 62 63 64 65 66 67 68 
0 0 0 0 0 0 0 29 31 33 34 37 39 40 42 43 45 46 48 49 50 52 54 55 57 57 59 60 62 63 65 67 68 68 70 72 73 74 76 
0 0 0 0 0 0 0 0 34 36 39 40 42 43 45 47 49 49 51 53 55 57 58 60 61 62 64 66 66 69 70 71 72 74 75 77 78 79 81 
0 0 0 0 0 0 0 0 0 39 42 44 45 47 48 51 53 54 56 58 60 62 63 65 65 67 69 70 72 74 75 77 77 79 80 82 83 85 87 
0 0 0 0 0 0 0 0 0 0 45 48 49 51 53 55 57 59 61 62 65 66 67 69 71 72 73 76 78 79 80 81 83 84 87 87 89 91 92 
0 0 0 0 0 0 0 0 0 0 0 52 53 55 57 58 61 63 65 67 69 70 72 73 75 77 79 81 83 85 86 88 90 90 92 94 96 97 97 
0 0 0 0 0 0 0 0 0 0 0 0 55 57 60 61 65 67 70 71 72 75 77 79 80 82 83 86 88 89 91 93 94 96 99 99 101 102 104 
0 0 0 0 0 0 0 0 0 0 0 0 0 61 64 67 69 72 74 75 77 79 82 84 85 86 89 91 93 95 97 98 98 100 103 105 108 109 111 
0 0 0 0 0 0 0 0 0 0 0 0 0 0 67 70 73 76 78 80 82 84 85 86 89 91 94 96 98 100 102 104 105 107 107 110 113 115 117 
0 0 0 0 0 0 0 0 0 0 0 0 0 0 0 74 77 80 83 85 86 88 90 92 93 96 98 101 102 105 107 109 111 113 113 117 117 121 124 
0 0 0 0 0 0 0 0 0 0 0 0 0 0 0 0 81 84 88 90 91 93 95 97 99 101 103 104 104 110 112 114 116 117 119 121 125 127 127 
0 0 0 0 0 0 0 0 0 0 0 0 0 0 0 0 0 88 92 95 96 98 100 102 103 105 107 108 112 113 116 118 121 122 125 127 130 131 134 
0 0 0 0 0 0 0 0 0 0 0 0 0 0 0 0 0 0 96 100 101 103 105 107 109 110 112 113 116 118 121 122 125 128 129 132 135 137 140 
0 0 0 0 0 0 0 0 0 0 0 0 0 0 0 0 0 0 0 105 106 108 110 112 113 115 117 118 121 123 125 129 130 133 135 137 139 141 143 
0 0 0 0 0 0 0 0 0 0 0 0 0 0 0 0 0 0 0 0 108 110 112 115 117 119 121 123 124 128 131 134 136 138 141 142 144 147 150 
0 0 0 0 0 0 0 0 0 0 0 0 0 0 0 0 0 0 0 0 0 113 116 118 121 123 125 127 130 133 136 138 142 143 147 149 151 153 154 
0 0 0 0 0 0 0 0 0 0 0 0 0 0 0 0 0 0 0 0 0 0 120 122 125 127 130 132 134 137 141 143 146 149 151 156 157 159 160 
0 0 0 0 0 0 0 0 0 0 0 0 0 0 0 0 0 0 0 0 0 0 0 125 128 133 136 139 142 148 151 153 154 156 158 160 161 163 166 
0 0 0 0 0 0 0 0 0 0 0 0 0 0 0 0 0 0 0 0 0 0 0 0 133 142 146 150 153 156 157 159 161 163 165 166 168 169 172 
0 0 0 0 0 0 0 0 0 0 0 0 0 0 0 0 0 0 0 0 0 0 0 0 0 146 151 155 159 162 163 165 167 169 172 174 175 177 178 
0 0 0 0 0 0 0 0 0 0 0 0 0 0 0 0 0 0 0 0 0 0 0 0 0 0 156 160 165 168 169 171 173 175 178 179 181 181 184 
0 0 0 0 0 0 0 0 0 0 0 0 0 0 0 0 0 0 0 0 0 0 0 0 0 0 0 165 170 174 175 177 179 182 184 186 186 188 190 
0 0 0 0 0 0 0 0 0 0 0 0 0 0 0 0 0 0 0 0 0 0 0 0 0 0 0 0 175 180 181 183 186 188 190 192 193 195 197 
0 0 0 0 0 0 0 0 0 0 0 0 0 0 0 0 0 0 0 0 0 0 0 0 0 0 0 0 0 186 187 189 192 194 196 198 199 201 204 
0 0 0 0 0 0 0 0 0 0 0 0 0 0 0 0 0 0 0 0 0 0 0 0 0 0 0 0 0 0 189 191 193 196 198 200 203 205 208 
0 0 0 0 0 0 0 0 0 0 0 0 0 0 0 0 0 0 0 0 0 0 0 0 0 0 0 0 0 0 0 194 197 199 202 204 205 209 212 
0 0 0 0 0 0 0 0 0 0 0 0 0 0 0 0 0 0 0 0 0 0 0 0 0 0 0 0 0 0 0 0 200 203 205 209 212 214 217 
0 0 0 0 0 0 0 0 0 0 0 0 0 0 0 0 0 0 0 0 0 0 0 0 0 0 0 0 0 0 0 0 0 207 210 213 216 218 222 
0 0 0 0 0 0 0 0 0 0 0 0 0 0 0 0 0 0 0 0 0 0 0 0 0 0 0 0 0 0 0 0 0 0 213 217 220 223 226 
0 0 0 0 0 0 0 0 0 0 0 0 0 0 0 0 0 0 0 0 0 0 0 0 0 0 0 0 0 0 0 0 0 0 0 221 224 227 230 
0 0 0 0 0 0 0 0 0 0 0 0 0 0 0 0 0 0 0 0 0 0 0 0 0 0 0 0 0 0 0 0 0 0 0 0 228 231 234 
0 0 0 0 0 0 0 0 0 0 0 0 0 0 0 0 0 0 0 0 0 0 0 0 0 0 0 0 0 0 0 0 0 0 0 0 0 235 239 
0 0 0 0 0 0 0 0 0 0 0 0 0 0 0 0 0 0 0 0 0 0 0 0 0 0 0 0 0 0 0 0 0 0 0 0 0 0 244 
