3 4 5 6 7 8 9 10 11 12 13 14 15 16 17 18 19 20 21 22 23 24 25 26 27 28 29 30 31 32 33 34 35 36 37 38 39 40 41 
0 6 7 8 9 10 11 12 13 14 15 16 17 18 19 20 21 22 23 24 25 26 27 28 29 30 31 32 33 34 35 36 37 38 39 40 41 42 43 
0 0 9 10 12 13 14 15 16 17 18 19 20 21 22 23 24 25 26 27 28 29 30 31 32 33 34 35 36 37 38 39 40 41 42 43 44 45 46 
0 0 0 12 14 15 17 18 20 21 22 23 24 25 26 27 28 29 30 31 32 33 34 35 36 37 38 39 40 41 42 43 44 45 46 47 48 49 50 
0 0 0 0 16 18 19 21 22 24 25 26 28 29 31 32 33 34 35 36 37 38 39 40 41 42 43 44 45 46 47 48 49 50 51 52 53 54 55 
0 0 0 0 0 21 22 24 25 27 28 29 31 33 34 35 37 37 40 41 42 44 45 46 47 48 49 50 51 52 53 54 55 56 57 58 59 60 61 
0 0 0 0 0 0 24 26 28 30 31 33 35 36 37 39 41 42 43 44 46 47 49 50 51 53 54 56 57 58 59 61 61 63 64 64 66 67 68 
0 0 0 0 0 0 0 29 31 33 34 37 39 40 42 43 44 46 48 49 50 52 53 54 56 58 59 60 62 63 65 67 68 68 69 72 73 74 75 
0 0 0 0 0 0 0 0 34 36 39 40 42 43 45 46 49 50 52 54 55 57 58 60 61 63 64 66 67 68 70 71 73 74 75 77 78 80 81 
0 0 0 0 0 0 0 0 0 39 42 44 45 47 50 49 52 54 56 58 60 61 62 64 66 67 69 70 72 73 75 76 78 79 81 82 84 85 86 
0 0 0 0 0 0 0 0 0 0 45 48 49 50 52 55 57 58 60 62 64 66 67 68 71 73 74 75 77 79 79 81 83 85 86 88 89 91 92 
0 0 0 0 0 0 0 0 0 0 0 52 53 54 56 59 60 63 63 66 69 69 72 74 75 76 78 80 82 84 85 87 89 90 91 93 94 97 98 
0 0 0 0 0 0 0 0 0 0 0 0 55 57 59 63 64 66 68 70 71 74 75 78 80 81 82 85 88 88 90 92 94 95 97 99 100 101 105 
0 0 0 0 0 0 0 0 0 0 0 0 0 61 64 67 67 70 72 74 77 79 80 83 83 86 87 89 93 94 94 96 99 101 103 104 107 109 110 
0 0 0 0 0 0 0 0 0 0 0 0 0 0 67 70 73 76 79 80 81 83 84 86 88 91 94 95 97 100 101 101 104 106 108 109 113 116 117 
0 0 0 0 0 0 0 0 0 0 0 0 0 0 0 73 77 80 84 85 85 85 89 91 92 94 98 100 102 105 107 106 110 111 113 115 118 122 122 
0 0 0 0 0 0 0 0 0 0 0 0 0 0 0 0 81 84 88 90 91 92 94 94 96 98 102 104 106 109 112 113 116 117 118 119 121 125 126 
0 0 0 0 0 0 0 0 0 0 0 0 0 0 0 0 0 88 92 95 96 98 99 101 101 104 106 108 111 114 116 118 121 122 123 126 127 131 134 
0 0 0 0 0 0 0 0 0 0 0 0 0 0 0 0 0 0 96 100 101 103 105 106 107 109 110 112 115 118 121 123 124 127 129 131 133 136 137 
0 0 0 0 0 0 0 0 0 0 0 0 0 0 0 0 0 0 0 105 106 108 110 112 113 114 115 116 120 121 126 128 130 131 134 137 138 140 145 
0 0 0 0 0 0 0 0 0 0 0 0 0 0 0 0 0 0 0 0 108 110 113 114 117 119 121 123 124 127 131 133 135 137 139 142 143 146 149 
0 0 0 0 0 0 0 0 0 0 0 0 0 0 0 0 0 0 0 0 0 113 115 118 120 121 125 127 128 132 135 139 141 144 145 147 149 150 154 
0 0 0 0 0 0 0 0 0 0 0 0 0 0 0 0 0 0 0 0 0 0 120 122 124 127 129 132 133 136 138 143 144 149 150 152 154 156 159 
0 0 0 0 0 0 0 0 0 0 0 0 0 0 0 0 0 0 0 0 0 0 0 125 128 130 133 135 138 141 143 147 150 154 156 156 159 163 164 
0 0 0 0 0 0 0 0 0 0 0 0 0 0 0 0 0 0 0 0 0 0 0 0 133 137 142 144 147 150 152 155 157 160 163 163 165 168 171 
0 0 0 0 0 0 0 0 0 0 0 0 0 0 0 0 0 0 0 0 0 0 0 0 0 141 147 155 159 162 163 165 167 169 171 170 170 174 177 
0 0 0 0 0 0 0 0 0 0 0 0 0 0 0 0 0 0 0 0 0 0 0 0 0 0 155 160 165 168 169 171 173 175 177 178 180 182 183 
0 0 0 0 0 0 0 0 0 0 0 0 0 0 0 0 0 0 0 0 0 0 0 0 0 0 0 165 170 174 175 177 180 182 184 185 186 188 186 
0 0 0 0 0 0 0 0 0 0 0 0 0 0 0 0 0 0 0 0 0 0 0 0 0 0 0 0 175 180 181 183 186 188 190 191 192 194 194 
0 0 0 0 0 0 0 0 0 0 0 0 0 0 0 0 0 0 0 0 0 0 0 0 0 0 0 0 0 186 187 189 192 194 196 197 198 201 199 
0 0 0 0 0 0 0 0 0 0 0 0 0 0 0 0 0 0 0 0 0 0 0 0 0 0 0 0 0 0 189 191 194 196 199 201 202 205 206 
0 0 0 0 0 0 0 0 0 0 0 0 0 0 0 0 0 0 0 0 0 0 0 0 0 0 0 0 0 0 0 194 197 199 202 203 206 209 211 
0 0 0 0 0 0 0 0 0 0 0 0 0 0 0 0 0 0 0 0 0 0 0 0 0 0 0 0 0 0 0 0 200 202 205 207 210 212 215 
0 0 0 0 0 0 0 0 0 0 0 0 0 0 0 0 0 0 0 0 0 0 0 0 0 0 0 0 0 0 0 0 0 206 210 213 215 218 220 
0 0 0 0 0 0 0 0 0 0 0 0 0 0 0 0 0 0 0 0 0 0 0 0 0 0 0 0 0 0 0 0 0 0 213 217 219 223 225 
0 0 0 0 0 0 0 0 0 0 0 0 0 0 0 0 0 0 0 0 0 0 0 0 0 0 0 0 0 0 0 0 0 0 0 221 223 227 229 
0 0 0 0 0 0 0 0 0 0 0 0 0 0 0 0 0 0 0 0 0 0 0 0 0 0 0 0 0 0 0 0 0 0 0 0 228 230 233 
0 0 0 0 0 0 0 0 0 0 0 0 0 0 0 0 0 0 0 0 0 0 0 0 0 0 0 0 0 0 0 0 0 0 0 0 0 235 238 
0 0 0 0 0 0 0 0 0 0 0 0 0 0 0 0 0 0 0 0 0 0 0 0 0 0 0 0 0 0 0 0 0 0 0 0 0 0 243 
