3 4 5 6 7 8 9 10 11 12 13 14 15 16 17 18 19 20 21 22 23 24 25 26 27 28 29 30 31 32 33 34 35 36 37 38 39 40 41 
0 6 7 8 9 10 11 12 13 14 15 16 17 18 19 20 21 22 23 24 25 26 27 28 29 30 31 32 33 34 35 36 37 38 39 40 41 42 43 
0 0 9 10 12 13 14 15 16 17 18 19 20 21 22 23 24 25 26 27 28 29 30 31 32 33 34 35 36 37 38 39 40 41 42 43 44 45 46 
0 0 0 12 14 15 17 18 19 21 22 23 24 25 26 27 28 29 30 31 32 33 34 35 36 37 38 39 40 41 42 43 44 45 46 47 48 49 50 
0 0 0 0 16 18 19 21 22 24 25 27 28 29 30 32 33 34 35 36 37 38 39 40 41 42 43 44 45 46 47 48 49 50 51 52 53 54 55 
0 0 0 0 0 21 22 24 25 27 28 30 31 33 34 36 37 38 40 42 42 43 45 46 47 48 49 50 51 52 53 54 55 56 57 58 59 60 61 
0 0 0 0 0 0 24 26 28 30 31 33 35 36 38 39 41 42 43 45 46 48 49 51 51 53 54 55 57 58 60 61 62 63 64 65 66 67 68 
0 0 0 0 0 0 0 29 31 33 36 37 39 40 42 43 45 46 48 49 51 52 54 55 56 58 59 60 62 64 65 67 67 68 70 71 73 74 75 
0 0 0 0 0 0 0 0 34 36 39 40 42 43 46 47 49 50 52 54 55 56 58 59 61 63 63 65 67 68 70 71 72 74 76 77 78 80 81 
0 0 0 0 0 0 0 0 0 39 42 44 45 46 49 51 52 54 56 58 60 62 63 64 66 68 69 71 72 73 74 76 78 80 80 82 83 85 86 
0 0 0 0 0 0 0 0 0 0 45 48 49 51 53 55 57 59 60 61 65 66 67 69 71 71 74 75 77 78 80 82 83 85 85 88 90 91 92 
0 0 0 0 0 0 0 0 0 0 0 52 53 55 57 58 60 62 63 65 66 68 70 73 75 77 79 81 83 84 84 87 89 90 91 94 96 97 98 
0 0 0 0 0 0 0 0 0 0 0 0 55 57 60 62 63 66 68 69 72 75 76 78 79 82 83 84 87 88 91 92 95 96 98 99 101 103 104 
0 0 0 0 0 0 0 0 0 0 0 0 0 61 64 67 69 72 74 74 75 79 79 81 83 86 89 91 93 95 97 98 98 100 102 105 107 109 111 
0 0 0 0 0 0 0 0 0 0 0 0 0 0 67 70 73 76 78 78 80 82 85 87 88 91 94 96 98 100 102 102 105 106 107 110 111 113 115 
0 0 0 0 0 0 0 0 0 0 0 0 0 0 0 73 77 80 83 85 86 87 89 89 91 95 98 100 102 104 106 107 110 111 114 116 117 117 120 
0 0 0 0 0 0 0 0 0 0 0 0 0 0 0 0 81 84 87 90 91 93 94 96 97 99 100 103 106 108 110 111 116 118 119 122 122 123 127 
0 0 0 0 0 0 0 0 0 0 0 0 0 0 0 0 0 88 92 95 96 98 100 102 102 103 106 108 110 112 114 118 120 122 123 124 125 130 131 
0 0 0 0 0 0 0 0 0 0 0 0 0 0 0 0 0 0 96 100 101 103 104 105 107 109 109 112 114 117 119 123 125 127 128 131 132 135 138 
0 0 0 0 0 0 0 0 0 0 0 0 0 0 0 0 0 0 0 105 106 108 109 111 113 115 117 118 119 122 125 128 130 132 133 134 138 141 142 
0 0 0 0 0 0 0 0 0 0 0 0 0 0 0 0 0 0 0 0 108 110 112 114 116 118 120 123 123 127 131 134 136 139 140 141 144 145 148 
0 0 0 0 0 0 0 0 0 0 0 0 0 0 0 0 0 0 0 0 0 113 116 118 120 123 125 128 128 131 134 138 140 141 142 144 148 149 154 
0 0 0 0 0 0 0 0 0 0 0 0 0 0 0 0 0 0 0 0 0 0 120 122 125 128 129 132 134 138 139 141 145 148 151 152 154 157 157 
0 0 0 0 0 0 0 0 0 0 0 0 0 0 0 0 0 0 0 0 0 0 0 125 129 133 136 139 142 144 147 150 152 155 157 159 159 162 166 
0 0 0 0 0 0 0 0 0 0 0 0 0 0 0 0 0 0 0 0 0 0 0 0 133 137 140 146 153 156 157 159 161 163 164 164 165 167 168 
0 0 0 0 0 0 0 0 0 0 0 0 0 0 0 0 0 0 0 0 0 0 0 0 0 141 145 149 153 157 163 165 166 168 170 172 174 176 177 
0 0 0 0 0 0 0 0 0 0 0 0 0 0 0 0 0 0 0 0 0 0 0 0 0 0 149 153 157 163 167 170 173 175 177 178 179 180 182 
0 0 0 0 0 0 0 0 0 0 0 0 0 0 0 0 0 0 0 0 0 0 0 0 0 0 0 157 162 165 167 171 175 177 179 182 184 186 187 
0 0 0 0 0 0 0 0 0 0 0 0 0 0 0 0 0 0 0 0 0 0 0 0 0 0 0 0 166 169 173 177 180 182 184 186 189 191 194 
0 0 0 0 0 0 0 0 0 0 0 0 0 0 0 0 0 0 0 0 0 0 0 0 0 0 0 0 0 178 183 187 190 192 194 195 197 199 201 
0 0 0 0 0 0 0 0 0 0 0 0 0 0 0 0 0 0 0 0 0 0 0 0 0 0 0 0 0 0 188 191 193 195 198 199 202 204 206 
0 0 0 0 0 0 0 0 0 0 0 0 0 0 0 0 0 0 0 0 0 0 0 0 0 0 0 0 0 0 0 194 197 199 202 204 205 207 210 
0 0 0 0 0 0 0 0 0 0 0 0 0 0 0 0 0 0 0 0 0 0 0 0 0 0 0 0 0 0 0 0 200 203 206 209 211 214 217 
0 0 0 0 0 0 0 0 0 0 0 0 0 0 0 0 0 0 0 0 0 0 0 0 0 0 0 0 0 0 0 0 0 206 209 212 215 217 220 
0 0 0 0 0 0 0 0 0 0 0 0 0 0 0 0 0 0 0 0 0 0 0 0 0 0 0 0 0 0 0 0 0 0 212 216 219 222 224 
0 0 0 0 0 0 0 0 0 0 0 0 0 0 0 0 0 0 0 0 0 0 0 0 0 0 0 0 0 0 0 0 0 0 0 220 223 226 228 
0 0 0 0 0 0 0 0 0 0 0 0 0 0 0 0 0 0 0 0 0 0 0 0 0 0 0 0 0 0 0 0 0 0 0 0 227 231 234 
0 0 0 0 0 0 0 0 0 0 0 0 0 0 0 0 0 0 0 0 0 0 0 0 0 0 0 0 0 0 0 0 0 0 0 0 0 235 239 
0 0 0 0 0 0 0 0 0 0 0 0 0 0 0 0 0 0 0 0 0 0 0 0 0 0 0 0 0 0 0 0 0 0 0 0 0 0 243 
