0 6 8 10 12 14 16 18 20 22 24 26 27 29 30 32 34 36 37 38 40 41 43 44 45 46 47 48 46 0 0 0 0 0 0 0 0 0 0 
6 9 12 14 16 18 20 22 24 26 28 30 32 34 36 38 40 42 44 46 48 50 52 54 56 58 60 62 64 0 0 0 0 0 0 0 0 0 0 
8 12 16 18 21 24 26 29 32 34 37 40 42 45 48 50 52 54 56 58 60 62 64 66 68 70 72 74 76 0 0 0 0 0 0 0 0 0 0 
10 15 20 22 26 30 32 36 40 42 45 48 50 53 56 58 61 64 66 69 72 74 77 80 82 85 88 90 93 0 0 0 0 0 0 0 0 0 0 
12 18 24 26 31 36 38 42 46 49 53 56 59 63 66 69 72 75 78 81 84 87 90 93 96 98 101 104 106 0 0 0 0 0 0 0 0 0 0 
14 21 28 30 36 42 44 48 52 57 61 65 68 72 76 80 82 86 90 92 95 99 102 106 110 112 116 120 122 0 0 0 0 0 0 0 0 0 0 
16 24 32 34 40 46 50 54 59 64 68 72 76 80 84 89 93 96 100 104 108 112 115 119 122 126 129 133 136 0 0 0 0 0 0 0 0 0 0 
18 27 36 38 45 51 56 60 66 71 76 81 85 90 94 99 102 107 111 115 120 123 127 131 135 139 143 146 150 0 0 0 0 0 0 0 0 0 0 
20 30 40 42 50 56 62 66 72 78 84 90 94 99 104 108 112 118 123 127 133 136 141 145 149 153 156 160 164 0 0 0 0 0 0 0 0 0 0 
22 33 44 46 55 61 68 72 79 85 92 99 103 108 112 117 122 127 133 138 144 148 154 157 163 166 171 175 179 0 0 0 0 0 0 0 0 0 0 
24 36 48 50 60 66 73 78 86 92 100 108 112 117 122 127 132 138 144 150 156 161 168 171 176 180 185 189 193 0 0 0 0 0 0 0 0 0 0 
26 39 52 54 64 70 79 84 93 99 108 117 121 126 132 137 142 148 154 160 166 172 179 184 190 194 199 203 208 0 0 0 0 0 0 0 0 0 0 
28 42 56 58 68 75 84 90 98 105 114 123 127 135 140 146 152 158 164 170 178 184 192 198 204 208 213 218 224 0 0 0 0 0 0 0 0 0 0 
30 45 60 62 72 80 90 96 105 112 121 129 135 144 150 156 162 169 175 181 188 195 203 211 216 222 228 233 240 0 0 0 0 0 0 0 0 0 0 
32 48 64 66 76 85 96 102 112 118 128 136 143 152 160 166 172 180 186 193 200 207 216 225 230 236 243 247 255 0 0 0 0 0 0 0 0 0 0 
34 51 68 70 80 90 101 108 118 125 134 143 151 160 167 174 180 189 196 203 210 218 226 235 244 250 258 262 270 0 0 0 0 0 0 0 0 0 0 
36 54 72 74 84 94 106 114 124 132 141 150 159 168 174 182 189 198 205 213 222 230 238 246 255 264 273 277 285 0 0 0 0 0 0 0 0 0 0 
38 57 76 78 88 99 111 120 130 138 148 158 167 176 183 190 198 206 214 223 232 241 250 259 268 278 288 292 300 0 0 0 0 0 0 0 0 0 0 
40 60 80 82 92 104 116 126 136 145 155 166 175 184 192 200 207 214 224 234 244 253 262 272 282 290 300 307 315 0 0 0 0 0 0 0 0 0 0 
42 63 84 86 96 109 121 131 141 151 162 174 183 192 201 210 216 223 234 244 254 264 274 285 296 304 312 322 330 0 0 0 0 0 0 0 0 0 0 
44 66 88 90 100 114 126 136 147 158 168 180 190 200 210 220 225 232 244 254 266 276 286 297 308 317 326 337 345 0 0 0 0 0 0 0 0 0 0 
46 69 92 94 104 118 131 142 153 165 175 187 197 208 219 230 234 242 254 264 276 287 298 309 320 330 340 352 360 0 0 0 0 0 0 0 0 0 0 
48 72 96 98 108 123 136 147 159 172 181 194 204 216 228 240 244 252 263 274 286 298 310 321 332 343 354 366 375 0 0 0 0 0 0 0 0 0 0 
50 75 100 102 112 128 141 153 165 178 188 200 211 224 235 248 253 262 272 285 297 309 321 333 345 356 368 380 390 0 0 0 0 0 0 0 0 0 0 
52 78 104 106 116 133 146 158 170 184 195 207 219 232 243 256 262 271 282 296 308 320 332 345 357 370 382 394 405 0 0 0 0 0 0 0 0 0 0 
54 81 108 110 120 138 151 164 176 191 202 213 226 240 251 262 271 280 291 305 317 330 343 356 370 384 396 408 420 0 0 0 0 0 0 0 0 0 0 
56 84 112 114 124 142 156 169 182 198 209 220 233 247 258 270 280 289 300 314 326 340 354 368 382 396 409 422 435 0 0 0 0 0 0 0 0 0 0 
58 87 116 118 128 147 161 175 188 205 216 227 239 254 265 278 288 298 309 323 337 352 366 380 394 408 422 436 450 0 0 0 0 0 0 0 0 0 0 
60 90 120 122 132 152 166 180 194 211 222 234 246 261 273 286 296 306 317 332 345 360 375 390 405 420 435 450 465 0 0 0 0 0 0 0 0 0 0 
0 0 0 0 0 0 0 0 0 0 0 0 0 0 0 0 0 0 0 0 0 0 0 0 0 0 0 0 0 0 0 0 0 0 0 0 0 0 0 
0 0 0 0 0 0 0 0 0 0 0 0 0 0 0 0 0 0 0 0 0 0 0 0 0 0 0 0 0 0 0 0 0 0 0 0 0 0 0 
0 0 0 0 0 0 0 0 0 0 0 0 0 0 0 0 0 0 0 0 0 0 0 0 0 0 0 0 0 0 0 0 0 0 0 0 0 0 0 
0 0 0 0 0 0 0 0 0 0 0 0 0 0 0 0 0 0 0 0 0 0 0 0 0 0 0 0 0 0 0 0 0 0 0 0 0 0 0 
0 0 0 0 0 0 0 0 0 0 0 0 0 0 0 0 0 0 0 0 0 0 0 0 0 0 0 0 0 0 0 0 0 0 0 0 0 0 0 
0 0 0 0 0 0 0 0 0 0 0 0 0 0 0 0 0 0 0 0 0 0 0 0 0 0 0 0 0 0 0 0 0 0 0 0 0 0 0 
0 0 0 0 0 0 0 0 0 0 0 0 0 0 0 0 0 0 0 0 0 0 0 0 0 0 0 0 0 0 0 0 0 0 0 0 0 0 0 
0 0 0 0 0 0 0 0 0 0 0 0 0 0 0 0 0 0 0 0 0 0 0 0 0 0 0 0 0 0 0 0 0 0 0 0 0 0 0 
0 0 0 0 0 0 0 0 0 0 0 0 0 0 0 0 0 0 0 0 0 0 0 0 0 0 0 0 0 0 0 0 0 0 0 0 0 0 0 
0 0 0 0 0 0 0 0 0 0 0 0 0 0 0 0 0 0 0 0 0 0 0 0 0 0 0 0 0 0 0 0 0 0 0 0 0 0 0 
