4 6 8 10 12 14 16 18 20 22 24 26 28 30 32 34 36 38 40 42 44 46 48 50 52 54 56 58 60 0 0 0 0 0 0 0 0 0 0 
0 9 12 15 18 21 24 27 30 33 36 39 42 45 48 51 54 57 60 63 66 69 72 75 78 81 84 87 90 0 0 0 0 0 0 0 0 0 0 
0 0 16 20 24 28 32 36 40 44 48 52 56 60 64 68 72 76 80 84 88 92 96 100 104 108 112 116 120 0 0 0 0 0 0 0 0 0 0 
0 0 0 24 28 32 36 40 44 48 52 56 60 64 68 72 76 80 84 88 92 96 100 104 108 112 116 120 124 0 0 0 0 0 0 0 0 0 0 
0 0 0 0 33 38 43 48 52 57 62 67 72 76 81 86 91 96 100 105 110 115 120 124 128 132 136 140 144 0 0 0 0 0 0 0 0 0 0 
0 0 0 0 0 44 50 56 60 66 72 78 84 88 93 98 103 108 112 117 122 127 132 136 141 146 150 156 160 0 0 0 0 0 0 0 0 0 0 
0 0 0 0 0 0 57 64 68 74 80 85 91 97 103 108 114 119 126 132 137 142 148 154 159 165 170 176 181 0 0 0 0 0 0 0 0 0 0 
0 0 0 0 0 0 0 72 76 82 88 94 100 108 114 120 125 132 137 143 151 155 164 169 175 182 186 194 198 0 0 0 0 0 0 0 0 0 0 
0 0 0 0 0 0 0 0 83 90 96 103 109 116 122 129 137 143 150 156 162 168 176 182 188 195 201 207 213 0 0 0 0 0 0 0 0 0 0 
0 0 0 0 0 0 0 0 0 97 104 111 118 126 133 140 148 154 162 169 177 182 190 196 203 209 217 223 229 0 0 0 0 0 0 0 0 0 0 
0 0 0 0 0 0 0 0 0 0 113 120 128 135 143 151 158 166 174 182 189 197 202 210 218 225 231 238 244 0 0 0 0 0 0 0 0 0 0 
0 0 0 0 0 0 0 0 0 0 0 131 136 144 154 161 169 177 187 193 200 210 216 224 232 238 246 253 260 0 0 0 0 0 0 0 0 0 0 
0 0 0 0 0 0 0 0 0 0 0 0 146 155 163 173 180 188 198 205 216 222 230 237 246 253 261 269 277 0 0 0 0 0 0 0 0 0 0 
0 0 0 0 0 0 0 0 0 0 0 0 0 164 172 182 191 201 209 217 225 234 243 252 260 268 278 284 294 0 0 0 0 0 0 0 0 0 0 
0 0 0 0 0 0 0 0 0 0 0 0 0 0 182 192 201 211 220 229 238 248 254 266 272 281 290 299 309 0 0 0 0 0 0 0 0 0 0 
0 0 0 0 0 0 0 0 0 0 0 0 0 0 0 202 211 223 231 240 250 259 269 278 287 295 305 314 324 0 0 0 0 0 0 0 0 0 0 
0 0 0 0 0 0 0 0 0 0 0 0 0 0 0 0 221 232 242 252 262 273 281 291 302 310 319 329 340 0 0 0 0 0 0 0 0 0 0 
0 0 0 0 0 0 0 0 0 0 0 0 0 0 0 0 0 243 252 265 274 284 294 305 315 325 334 346 355 0 0 0 0 0 0 0 0 0 0 
0 0 0 0 0 0 0 0 0 0 0 0 0 0 0 0 0 0 266 275 287 298 307 318 328 337 349 358 369 0 0 0 0 0 0 0 0 0 0 
0 0 0 0 0 0 0 0 0 0 0 0 0 0 0 0 0 0 0 286 298 308 321 331 343 352 364 374 386 0 0 0 0 0 0 0 0 0 0 
0 0 0 0 0 0 0 0 0 0 0 0 0 0 0 0 0 0 0 0 308 322 332 343 356 365 376 389 399 0 0 0 0 0 0 0 0 0 0 
0 0 0 0 0 0 0 0 0 0 0 0 0 0 0 0 0 0 0 0 0 333 344 358 370 380 391 402 413 0 0 0 0 0 0 0 0 0 0 
0 0 0 0 0 0 0 0 0 0 0 0 0 0 0 0 0 0 0 0 0 0 356 369 382 394 406 416 430 0 0 0 0 0 0 0 0 0 0 
0 0 0 0 0 0 0 0 0 0 0 0 0 0 0 0 0 0 0 0 0 0 0 382 395 406 419 433 445 0 0 0 0 0 0 0 0 0 0 
0 0 0 0 0 0 0 0 0 0 0 0 0 0 0 0 0 0 0 0 0 0 0 0 407 420 433 446 458 0 0 0 0 0 0 0 0 0 0 
0 0 0 0 0 0 0 0 0 0 0 0 0 0 0 0 0 0 0 0 0 0 0 0 0 435 446 459 474 0 0 0 0 0 0 0 0 0 0 
0 0 0 0 0 0 0 0 0 0 0 0 0 0 0 0 0 0 0 0 0 0 0 0 0 0 460 473 490 0 0 0 0 0 0 0 0 0 0 
0 0 0 0 0 0 0 0 0 0 0 0 0 0 0 0 0 0 0 0 0 0 0 0 0 0 0 486 501 0 0 0 0 0 0 0 0 0 0 
0 0 0 0 0 0 0 0 0 0 0 0 0 0 0 0 0 0 0 0 0 0 0 0 0 0 0 0 515 0 0 0 0 0 0 0 0 0 0 
0 0 0 0 0 0 0 0 0 0 0 0 0 0 0 0 0 0 0 0 0 0 0 0 0 0 0 0 0 0 0 0 0 0 0 0 0 0 0 
0 0 0 0 0 0 0 0 0 0 0 0 0 0 0 0 0 0 0 0 0 0 0 0 0 0 0 0 0 0 0 0 0 0 0 0 0 0 0 
0 0 0 0 0 0 0 0 0 0 0 0 0 0 0 0 0 0 0 0 0 0 0 0 0 0 0 0 0 0 0 0 0 0 0 0 0 0 0 
0 0 0 0 0 0 0 0 0 0 0 0 0 0 0 0 0 0 0 0 0 0 0 0 0 0 0 0 0 0 0 0 0 0 0 0 0 0 0 
0 0 0 0 0 0 0 0 0 0 0 0 0 0 0 0 0 0 0 0 0 0 0 0 0 0 0 0 0 0 0 0 0 0 0 0 0 0 0 
0 0 0 0 0 0 0 0 0 0 0 0 0 0 0 0 0 0 0 0 0 0 0 0 0 0 0 0 0 0 0 0 0 0 0 0 0 0 0 
0 0 0 0 0 0 0 0 0 0 0 0 0 0 0 0 0 0 0 0 0 0 0 0 0 0 0 0 0 0 0 0 0 0 0 0 0 0 0 
0 0 0 0 0 0 0 0 0 0 0 0 0 0 0 0 0 0 0 0 0 0 0 0 0 0 0 0 0 0 0 0 0 0 0 0 0 0 0 
0 0 0 0 0 0 0 0 0 0 0 0 0 0 0 0 0 0 0 0 0 0 0 0 0 0 0 0 0 0 0 0 0 0 0 0 0 0 0 
0 0 0 0 0 0 0 0 0 0 0 0 0 0 0 0 0 0 0 0 0 0 0 0 0 0 0 0 0 0 0 0 0 0 0 0 0 0 0 
