4 6 8 10 12 14 16 18 20 22 24 26 28 30 32 34 36 38 40 42 44 46 48 50 52 54 56 58 60 0 0 0 0 0 0 0 0 0 0 
0 9 12 15 18 21 24 27 30 33 36 39 42 45 48 51 54 57 60 63 66 69 72 75 78 81 84 87 90 0 0 0 0 0 0 0 0 0 0 
0 0 16 20 24 28 32 36 40 44 48 52 56 60 64 68 72 76 80 84 88 92 96 100 104 108 112 116 120 0 0 0 0 0 0 0 0 0 0 
0 0 0 24 28 32 36 40 44 48 52 56 60 64 68 72 76 80 84 88 92 96 100 104 108 112 116 120 124 0 0 0 0 0 0 0 0 0 0 
0 0 0 0 33 38 43 48 52 57 62 67 72 76 81 86 91 96 100 105 110 115 120 124 128 132 136 140 144 0 0 0 0 0 0 0 0 0 0 
0 0 0 0 0 44 50 56 60 66 72 78 84 88 93 98 103 108 112 117 122 127 132 136 141 146 150 155 160 0 0 0 0 0 0 0 0 0 0 
0 0 0 0 0 0 57 64 68 74 80 85 91 97 103 109 114 120 126 132 137 142 147 154 160 165 170 175 181 0 0 0 0 0 0 0 0 0 0 
0 0 0 0 0 0 0 72 76 82 88 95 100 107 113 119 127 133 139 145 152 156 163 169 176 182 187 194 200 0 0 0 0 0 0 0 0 0 0 
0 0 0 0 0 0 0 0 84 90 97 103 109 116 123 130 137 143 149 156 163 168 175 181 188 194 201 208 213 0 0 0 0 0 0 0 0 0 0 
0 0 0 0 0 0 0 0 0 97 105 111 118 125 133 140 147 155 162 169 176 182 190 196 203 210 216 222 230 0 0 0 0 0 0 0 0 0 0 
0 0 0 0 0 0 0 0 0 0 114 120 128 135 143 151 159 165 174 181 189 197 203 210 217 224 231 237 246 0 0 0 0 0 0 0 0 0 0 
0 0 0 0 0 0 0 0 0 0 0 129 136 145 154 161 170 177 185 194 201 208 217 225 232 239 246 253 261 0 0 0 0 0 0 0 0 0 0 
0 0 0 0 0 0 0 0 0 0 0 0 146 154 164 172 181 188 197 205 214 221 229 237 245 254 263 270 278 0 0 0 0 0 0 0 0 0 0 
0 0 0 0 0 0 0 0 0 0 0 0 0 164 173 182 191 201 207 216 225 234 244 251 261 268 275 285 293 0 0 0 0 0 0 0 0 0 0 
0 0 0 0 0 0 0 0 0 0 0 0 0 0 182 191 202 210 221 229 237 247 255 265 274 283 292 301 308 0 0 0 0 0 0 0 0 0 0 
0 0 0 0 0 0 0 0 0 0 0 0 0 0 0 203 211 221 232 241 250 259 269 277 287 296 306 315 323 0 0 0 0 0 0 0 0 0 0 
0 0 0 0 0 0 0 0 0 0 0 0 0 0 0 0 222 233 242 252 263 272 282 291 301 308 320 330 339 0 0 0 0 0 0 0 0 0 0 
0 0 0 0 0 0 0 0 0 0 0 0 0 0 0 0 0 243 254 263 275 285 293 305 315 324 336 344 354 0 0 0 0 0 0 0 0 0 0 
0 0 0 0 0 0 0 0 0 0 0 0 0 0 0 0 0 0 264 275 287 296 307 317 329 339 348 359 370 0 0 0 0 0 0 0 0 0 0 
0 0 0 0 0 0 0 0 0 0 0 0 0 0 0 0 0 0 0 286 299 309 319 331 341 352 363 374 384 0 0 0 0 0 0 0 0 0 0 
0 0 0 0 0 0 0 0 0 0 0 0 0 0 0 0 0 0 0 0 309 320 331 345 355 365 379 389 399 0 0 0 0 0 0 0 0 0 0 
0 0 0 0 0 0 0 0 0 0 0 0 0 0 0 0 0 0 0 0 0 332 344 356 368 379 391 401 413 0 0 0 0 0 0 0 0 0 0 
0 0 0 0 0 0 0 0 0 0 0 0 0 0 0 0 0 0 0 0 0 0 357 369 382 394 407 417 428 0 0 0 0 0 0 0 0 0 0 
0 0 0 0 0 0 0 0 0 0 0 0 0 0 0 0 0 0 0 0 0 0 0 382 394 407 419 432 444 0 0 0 0 0 0 0 0 0 0 
0 0 0 0 0 0 0 0 0 0 0 0 0 0 0 0 0 0 0 0 0 0 0 0 408 420 432 445 459 0 0 0 0 0 0 0 0 0 0 
0 0 0 0 0 0 0 0 0 0 0 0 0 0 0 0 0 0 0 0 0 0 0 0 0 434 448 460 473 0 0 0 0 0 0 0 0 0 0 
0 0 0 0 0 0 0 0 0 0 0 0 0 0 0 0 0 0 0 0 0 0 0 0 0 0 458 476 490 0 0 0 0 0 0 0 0 0 0 
0 0 0 0 0 0 0 0 0 0 0 0 0 0 0 0 0 0 0 0 0 0 0 0 0 0 0 488 503 0 0 0 0 0 0 0 0 0 0 
0 0 0 0 0 0 0 0 0 0 0 0 0 0 0 0 0 0 0 0 0 0 0 0 0 0 0 0 517 0 0 0 0 0 0 0 0 0 0 
0 0 0 0 0 0 0 0 0 0 0 0 0 0 0 0 0 0 0 0 0 0 0 0 0 0 0 0 0 0 0 0 0 0 0 0 0 0 0 
0 0 0 0 0 0 0 0 0 0 0 0 0 0 0 0 0 0 0 0 0 0 0 0 0 0 0 0 0 0 0 0 0 0 0 0 0 0 0 
0 0 0 0 0 0 0 0 0 0 0 0 0 0 0 0 0 0 0 0 0 0 0 0 0 0 0 0 0 0 0 0 0 0 0 0 0 0 0 
0 0 0 0 0 0 0 0 0 0 0 0 0 0 0 0 0 0 0 0 0 0 0 0 0 0 0 0 0 0 0 0 0 0 0 0 0 0 0 
0 0 0 0 0 0 0 0 0 0 0 0 0 0 0 0 0 0 0 0 0 0 0 0 0 0 0 0 0 0 0 0 0 0 0 0 0 0 0 
0 0 0 0 0 0 0 0 0 0 0 0 0 0 0 0 0 0 0 0 0 0 0 0 0 0 0 0 0 0 0 0 0 0 0 0 0 0 0 
0 0 0 0 0 0 0 0 0 0 0 0 0 0 0 0 0 0 0 0 0 0 0 0 0 0 0 0 0 0 0 0 0 0 0 0 0 0 0 
0 0 0 0 0 0 0 0 0 0 0 0 0 0 0 0 0 0 0 0 0 0 0 0 0 0 0 0 0 0 0 0 0 0 0 0 0 0 0 
0 0 0 0 0 0 0 0 0 0 0 0 0 0 0 0 0 0 0 0 0 0 0 0 0 0 0 0 0 0 0 0 0 0 0 0 0 0 0 
0 0 0 0 0 0 0 0 0 0 0 0 0 0 0 0 0 0 0 0 0 0 0 0 0 0 0 0 0 0 0 0 0 0 0 0 0 0 0 
