3 4 5 6 7 8 9 10 11 12 13 14 15 16 17 18 19 20 21 22 23 24 25 26 27 28 29 30 31 32 33 34 35 36 37 38 39 40 41
0 6 7 8 9 10 11 12 13 14 15 16 17 18 19 20 21 22 23 24 25 26 27 28 29 30 31 32 33 34 35 36 37 38 39 40 41 42 43
0 0 9 10 12 13 14 15 16 17 18 19 20 21 22 23 24 25 26 27 28 29 30 31 32 33 34 35 36 37 38 39 40 41 42 43 44 45 46
0 0 0 12 14 15 17 18 20 21 22 23 24 25 26 27 28 29 30 31 32 33 34 35 36 37 38 39 40 41 42 43 44 45 46 47 48 49 50
0 0 0 0 16 18 19 21 22 24 25 27 28 30 31 32 33 34 35 36 37 38 39 40 41 42 43 44 45 46 47 48 49 50 51 52 53 54 55
0 0 0 0 0 21 22 24 25 27 28 30 31 33 34 36 37 39 40 42 43 44 45 46 47 48 49 50 51 52 53 54 55 56 57 58 59 60 61
0 0 0 0 0 0 24 26 28 30 32 33 35 36 38 39 41 42 44 45 47 48 50 51 53 54 56 57 58 59 60 61 62 63 64 65 66 67 68
0 0 0 0 0 0 0 29 31 33 36 37 39 40 42 43 45 46 48 49 51 52 54 55 57 58 60 61 63 64 66 67 69 70 72 73 74 75 76
0 0 0 0 0 0 0 0 34 36 39 40 42 44 46 47 49 51 52 54 55 57 58 60 61 63 64 66 67 69 70 72 73 75 76 78 79 81 82
0 0 0 0 0 0 0 0 0 39 42 44 45 47 50 51 53 55 57 59 60 62 63 65 66 68 69 71 72 74 75 77 78 80 81 83 84 86 87
0 0 0 0 0 0 0 0 0 0 45 48 49 51 53 55 57 60 61 63 65 66 68 70 72 73 75 76 78 79 81 82 84 85 87 88 90 91 93
0 0 0 0 0 0 0 0 0 0 0 52 53 55 57 59 61 64 66 67 69 71 73 75 78 79 81 82 84 85 87 88 90 91 93 94 96 97 99
0 0 0 0 0 0 0 0 0 0 0 0 56 58 60 63 65 68 70 72 73 75 78 80 82 84 86 87 89 91 92 94 96 98 99 101 102 104 105
0 0 0 0 0 0 0 0 0 0 0 0 0 61 64 67 69 72 75 77 78 80 82 85 86 88 91 93 95 96 98 100 102 105 106 108 109 111 112
0 0 0 0 0 0 0 0 0 0 0 0 0 0 67 70 73 76 80 81 83 85 87 90 91 93 96 98 100 102 103 106 108 110 112 114 116 118 120
0 0 0 0 0 0 0 0 0 0 0 0 0 0 0 74 77 80 84 85 87 89 91 94 96 98 101 102 105 107 109 111 113 115 117 119 121 123 125
0 0 0 0 0 0 0 0 0 0 0 0 0 0 0 0 81 84 88 90 91 93 96 99 101 103 106 109 111 113 115 117 119 121 123 125 127 129 131
0 0 0 0 0 0 0 0 0 0 0 0 0 0 0 0 0 88 92 95 96 98 100 103 106 108 111 114 117 119 121 123 125 127 129 131 133 135 137
0 0 0 0 0 0 0 0 0 0 0 0 0 0 0 0 0 0 96 100 101 103 105 108 111 113 116 120 122 125 127 129 131 133 135 137 139 141 143
0 0 0 0 0 0 0 0 0 0 0 0 0 0 0 0 0 0 0 105 106 108 110 115 116 118 121 125 127 130 132 135 137 140 142 144 146 148 150
0 0 0 0 0 0 0 0 0 0 0 0 0 0 0 0 0 0 0 0 108 110 114 120 122 123 126 130 132 135 137 140 142 145 147 150 152 155 157
0 0 0 0 0 0 0 0 0 0 0 0 0 0 0 0 0 0 0 0 0 115 118 125 128 128 131 135 138 140 143 145 148 150 153 155 158 160 163
0 0 0 0 0 0 0 0 0 0 0 0 0 0 0 0 0 0 0 0 0 0 122 130 133 136 139 141 144 146 149 151 154 156 159 161 164 166 169
0 0 0 0 0 0 0 0 0 0 0 0 0 0 0 0 0 0 0 0 0 0 0 130 138 141 144 147 150 152 155 157 160 162 165 167 170 172 175
0 0 0 0 0 0 0 0 0 0 0 0 0 0 0 0 0 0 0 0 0 0 0 0 138 146 149 152 155 158 161 163 166 168 171 173 176 178 181
0 0 0 0 0 0 0 0 0 0 0 0 0 0 0 0 0 0 0 0 0 0 0 0 0 147 154 157 160 163 166 169 172 175 177 180 182 185 187
0 0 0 0 0 0 0 0 0 0 0 0 0 0 0 0 0 0 0 0 0 0 0 0 0 0 156 162 165 168 171 174 177 180 183 186 189 192 194
0 0 0 0 0 0 0 0 0 0 0 0 0 0 0 0 0 0 0 0 0 0 0 0 0 0 0 165 171 174 177 180 183 186 189 192 195 198 201
0 0 0 0 0 0 0 0 0 0 0 0 0 0 0 0 0 0 0 0 0 0 0 0 0 0 0 0 175 180 183 186 189 192 195 198 201 204 207
0 0 0 0 0 0 0 0 0 0 0 0 0 0 0 0 0 0 0 0 0 0 0 0 0 0 0 0 0 186 189 192 195 198 201 204 207 210 213
0 0 0 0 0 0 0 0 0 0 0 0 0 0 0 0 0 0 0 0 0 0 0 0 0 0 0 0 0 0 190 198 201 204 207 210 213 216 219
0 0 0 0 0 0 0 0 0 0 0 0 0 0 0 0 0 0 0 0 0 0 0 0 0 0 0 0 0 0 0 203 207 210 213 216 219 222 225
0 0 0 0 0 0 0 0 0 0 0 0 0 0 0 0 0 0 0 0 0 0 0 0 0 0 0 0 0 0 0 0 212 216 219 223 226 229 232
0 0 0 0 0 0 0 0 0 0 0 0 0 0 0 0 0 0 0 0 0 0 0 0 0 0 0 0 0 0 0 0 0 221 225 228 232 235 239
0 0 0 0 0 0 0 0 0 0 0 0 0 0 0 0 0 0 0 0 0 0 0 0 0 0 0 0 0 0 0 0 0 0 231 234 238 241 245
0 0 0 0 0 0 0 0 0 0 0 0 0 0 0 0 0 0 0 0 0 0 0 0 0 0 0 0 0 0 0 0 0 0 0 240 244 247 251
0 0 0 0 0 0 0 0 0 0 0 0 0 0 0 0 0 0 0 0 0 0 0 0 0 0 0 0 0 0 0 0 0 0 0 0 250 253 257
0 0 0 0 0 0 0 0 0 0 0 0 0 0 0 0 0 0 0 0 0 0 0 0 0 0 0 0 0 0 0 0 0 0 0 0 0 260 263
0 0 0 0 0 0 0 0 0 0 0 0 0 0 0 0 0 0 0 0 0 0 0 0 0 0 0 0 0 0 0 0 0 0 0 0 0 0 270
