4 6 8 10 12 14 16 18 20 22 24 26 28 30 32 34 36 38 40 42 44 46 48 50 52 54 56 58 60 0 0 0 0 0 0 0 0 0 0 
0 9 12 15 18 21 24 27 30 33 36 39 42 45 48 51 54 57 60 63 66 69 72 75 78 81 84 87 90 0 0 0 0 0 0 0 0 0 0 
0 0 16 20 24 28 32 36 40 44 48 52 56 60 64 68 72 76 80 84 88 92 96 100 104 108 112 116 120 0 0 0 0 0 0 0 0 0 0 
0 0 0 25 30 35 40 45 50 55 60 65 70 75 80 85 90 95 100 105 110 115 120 125 130 135 140 145 150 0 0 0 0 0 0 0 0 0 0 
0 0 0 0 35 40 45 50 55 60 65 70 75 80 85 90 95 100 105 110 115 120 125 130 135 140 145 150 155 0 0 0 0 0 0 0 0 0 0 
0 0 0 0 0 46 52 58 64 70 75 81 87 93 99 105 110 116 122 128 134 140 145 151 157 163 169 175 180 0 0 0 0 0 0 0 0 0 0 
0 0 0 0 0 0 59 66 73 80 85 92 99 106 113 120 125 131 137 143 149 155 161 167 173 179 185 191 197 0 0 0 0 0 0 0 0 0 0 
0 0 0 0 0 0 0 74 82 90 95 102 109 116 123 130 137 144 151 158 165 171 178 184 191 197 204 211 218 0 0 0 0 0 0 0 0 0 0 
0 0 0 0 0 0 0 0 91 100 105 112 120 127 135 142 149 157 164 172 181 187 196 203 210 217 225 232 240 0 0 0 0 0 0 0 0 0 0 
0 0 0 0 0 0 0 0 0 110 115 122 130 138 146 154 162 170 178 187 194 204 211 219 226 234 242 249 257 0 0 0 0 0 0 0 0 0 0 
0 0 0 0 0 0 0 0 0 0 124 132 140 149 158 165 174 184 191 199 208 217 225 234 242 250 258 266 275 0 0 0 0 0 0 0 0 0 0 
0 0 0 0 0 0 0 0 0 0 0 142 151 160 168 177 186 196 205 214 223 232 241 249 259 268 278 286 294 0 0 0 0 0 0 0 0 0 0 
0 0 0 0 0 0 0 0 0 0 0 0 161 170 181 189 199 209 218 228 237 248 257 266 276 285 295 303 312 0 0 0 0 0 0 0 0 0 0 
0 0 0 0 0 0 0 0 0 0 0 0 0 181 191 201 211 222 232 242 252 261 272 282 292 301 311 321 330 0 0 0 0 0 0 0 0 0 0 
0 0 0 0 0 0 0 0 0 0 0 0 0 0 202 213 223 235 245 255 266 277 287 297 307 318 328 339 348 0 0 0 0 0 0 0 0 0 0 
0 0 0 0 0 0 0 0 0 0 0 0 0 0 0 224 236 246 258 269 279 291 302 313 322 335 345 355 366 0 0 0 0 0 0 0 0 0 0 
0 0 0 0 0 0 0 0 0 0 0 0 0 0 0 0 247 258 272 283 293 305 317 328 339 350 362 373 384 0 0 0 0 0 0 0 0 0 0 
0 0 0 0 0 0 0 0 0 0 0 0 0 0 0 0 0 271 284 296 307 320 332 343 355 367 379 389 401 0 0 0 0 0 0 0 0 0 0 
0 0 0 0 0 0 0 0 0 0 0 0 0 0 0 0 0 0 297 309 321 334 347 358 371 383 395 407 419 0 0 0 0 0 0 0 0 0 0 
0 0 0 0 0 0 0 0 0 0 0 0 0 0 0 0 0 0 0 322 335 348 361 375 387 401 412 423 437 0 0 0 0 0 0 0 0 0 0 
0 0 0 0 0 0 0 0 0 0 0 0 0 0 0 0 0 0 0 0 349 363 375 389 402 413 430 442 455 0 0 0 0 0 0 0 0 0 0 
0 0 0 0 0 0 0 0 0 0 0 0 0 0 0 0 0 0 0 0 0 376 389 405 418 431 445 458 472 0 0 0 0 0 0 0 0 0 0 
0 0 0 0 0 0 0 0 0 0 0 0 0 0 0 0 0 0 0 0 0 0 405 419 434 448 459 474 488 0 0 0 0 0 0 0 0 0 0 
0 0 0 0 0 0 0 0 0 0 0 0 0 0 0 0 0 0 0 0 0 0 0 434 449 462 477 492 505 0 0 0 0 0 0 0 0 0 0 
0 0 0 0 0 0 0 0 0 0 0 0 0 0 0 0 0 0 0 0 0 0 0 0 463 478 493 507 522 0 0 0 0 0 0 0 0 0 0 
0 0 0 0 0 0 0 0 0 0 0 0 0 0 0 0 0 0 0 0 0 0 0 0 0 495 510 525 539 0 0 0 0 0 0 0 0 0 0 
0 0 0 0 0 0 0 0 0 0 0 0 0 0 0 0 0 0 0 0 0 0 0 0 0 0 525 541 556 0 0 0 0 0 0 0 0 0 0 
0 0 0 0 0 0 0 0 0 0 0 0 0 0 0 0 0 0 0 0 0 0 0 0 0 0 0 559 575 0 0 0 0 0 0 0 0 0 0 
0 0 0 0 0 0 0 0 0 0 0 0 0 0 0 0 0 0 0 0 0 0 0 0 0 0 0 0 590 0 0 0 0 0 0 0 0 0 0 
0 0 0 0 0 0 0 0 0 0 0 0 0 0 0 0 0 0 0 0 0 0 0 0 0 0 0 0 0 0 0 0 0 0 0 0 0 0 0 
0 0 0 0 0 0 0 0 0 0 0 0 0 0 0 0 0 0 0 0 0 0 0 0 0 0 0 0 0 0 0 0 0 0 0 0 0 0 0 
0 0 0 0 0 0 0 0 0 0 0 0 0 0 0 0 0 0 0 0 0 0 0 0 0 0 0 0 0 0 0 0 0 0 0 0 0 0 0 
0 0 0 0 0 0 0 0 0 0 0 0 0 0 0 0 0 0 0 0 0 0 0 0 0 0 0 0 0 0 0 0 0 0 0 0 0 0 0 
0 0 0 0 0 0 0 0 0 0 0 0 0 0 0 0 0 0 0 0 0 0 0 0 0 0 0 0 0 0 0 0 0 0 0 0 0 0 0 
0 0 0 0 0 0 0 0 0 0 0 0 0 0 0 0 0 0 0 0 0 0 0 0 0 0 0 0 0 0 0 0 0 0 0 0 0 0 0 
0 0 0 0 0 0 0 0 0 0 0 0 0 0 0 0 0 0 0 0 0 0 0 0 0 0 0 0 0 0 0 0 0 0 0 0 0 0 0 
0 0 0 0 0 0 0 0 0 0 0 0 0 0 0 0 0 0 0 0 0 0 0 0 0 0 0 0 0 0 0 0 0 0 0 0 0 0 0 
0 0 0 0 0 0 0 0 0 0 0 0 0 0 0 0 0 0 0 0 0 0 0 0 0 0 0 0 0 0 0 0 0 0 0 0 0 0 0 
0 0 0 0 0 0 0 0 0 0 0 0 0 0 0 0 0 0 0 0 0 0 0 0 0 0 0 0 0 0 0 0 0 0 0 0 0 0 0 
