4 5 6 7 8 9 10 11 12 13 14 15 16 17 18 19 20 21 22 23 24 25 26 27 28 29 30 31 32 33 34 35 36 37 38 39 40 41 42 
6 7 9 10 12 13 14 15 16 17 18 19 20 21 22 23 24 25 26 27 28 29 30 31 32 33 34 35 36 37 38 39 40 41 42 43 44 45 46 
8 9 12 13 15 16 18 19 21 22 24 25 26 27 28 29 30 31 32 33 34 35 36 37 38 39 40 41 42 43 44 45 46 47 48 49 50 51 52 
10 11 14 16 18 20 22 23 25 26 28 29 31 32 34 35 37 38 40 41 42 43 44 45 46 47 48 49 50 51 52 53 54 55 56 57 58 59 60 
12 13 16 19 21 24 25 27 30 31 33 34 36 37 39 40 42 43 45 46 48 49 51 52 54 55 57 58 60 61 62 63 64 65 66 67 68 69 70 
14 15 18 22 24 28 29 31 34 36 37 39 42 43 45 46 48 49 51 52 54 55 57 58 60 61 63 64 66 67 69 70 72 73 75 76 78 79 80 
16 17 20 24 27 31 33 35 38 40 42 44 46 48 50 52 54 56 58 59 61 62 64 65 67 68 70 71 73 74 76 77 79 80 82 83 85 86 88 
18 19 22 27 30 34 36 39 42 45 46 49 51 54 56 57 60 61 64 65 67 69 72 73 75 76 78 79 81 82 84 85 87 88 90 91 93 94 96 
20 21 24 30 33 37 40 42 46 50 51 54 56 60 61 63 66 67 69 71 74 76 78 79 81 83 85 87 90 91 93 94 96 97 99 100 102 103 105 
22 23 26 32 36 40 44 46 50 55 56 58 61 65 66 68 71 73 75 78 80 82 84 86 88 90 92 94 96 98 100 102 104 105 107 109 112 113 115 
24 25 28 34 38 43 48 50 53 58 60 63 65 70 72 74 76 78 81 84 86 88 90 93 95 96 98 100 103 105 107 109 111 113 115 117 119 121 123 
26 27 30 36 41 46 52 54 56 61 64 67 70 75 78 80 82 83 87 90 92 94 97 99 102 105 107 109 110 112 114 116 118 121 122 125 127 129 131 
28 29 32 38 44 49 56 58 60 65 68 71 74 80 84 85 87 89 92 96 98 101 103 106 109 112 114 116 117 119 122 124 126 128 130 132 134 135 138 
30 31 34 40 46 51 58 61 64 68 72 75 78 85 90 91 93 96 98 101 104 107 109 112 115 118 121 123 125 126 129 132 134 136 139 141 143 144 146 
32 33 36 42 49 54 61 64 68 71 76 79 83 90 96 97 99 102 104 107 109 113 115 118 121 124 127 130 130 134 136 139 142 145 147 149 151 153 155 
34 35 38 44 52 57 64 67 72 75 79 83 86 94 100 101 104 107 109 113 116 119 122 124 127 131 133 137 140 141 143 145 148 152 155 157 159 161 163 
36 37 40 46 54 59 66 71 76 79 82 87 90 98 104 106 109 112 115 118 121 125 128 130 134 137 141 144 147 149 151 154 156 159 162 164 166 169 173 
38 39 42 48 57 62 69 75 79 83 86 91 97 102 108 110 114 118 121 124 127 131 134 137 139 143 147 150 153 156 159 161 164 167 169 172 175 176 180 
40 41 44 50 60 65 72 78 83 87 91 95 100 106 112 115 118 123 126 129 133 136 140 143 145 149 153 156 159 163 166 169 171 175 178 181 183 185 187 
42 43 46 52 62 67 74 81 86 91 94 99 104 110 116 120 123 128 131 134 137 141 145 149 152 155 159 162 166 169 171 172 178 182 186 189 192 194 196 
44 45 48 54 64 70 77 84 89 95 100 104 107 114 120 124 126 133 136 140 143 147 151 155 158 161 165 168 171 175 177 180 185 187 192 196 200 203 204 
46 47 50 56 66 73 80 87 93 99 104 106 111 118 124 128 132 137 140 145 148 153 156 161 164 167 170 175 178 182 185 187 192 195 197 201 207 209 211 
48 49 52 58 68 75 82 90 96 103 108 111 116 122 128 132 136 141 144 150 151 158 161 167 171 174 176 181 183 188 191 195 199 203 206 209 214 217 218 
50 51 54 60 70 78 85 93 100 106 112 118 122 127 132 136 140 145 148 155 157 163 167 172 177 181 183 187 189 194 197 201 205 210 213 216 221 223 226 
52 53 56 62 72 81 88 96 104 109 114 118 122 128 136 140 146 149 151 160 164 168 172 177 182 186 189 192 196 200 203 206 209 216 218 224 228 230 231 
54 55 58 64 74 83 90 99 108 113 117 122 127 132 140 144 149 155 155 165 169 172 177 182 186 190 194 198 202 206 210 213 216 219 223 228 230 236 240 
56 57 60 66 76 86 93 102 112 117 122 126 131 138 143 147 152 160 162 169 173 177 182 187 191 194 200 202 206 212 216 220 223 227 229 234 235 242 248 
58 59 62 68 78 89 96 105 116 121 126 132 139 144 148 152 157 163 164 171 174 182 187 191 196 201 206 207 211 217 221 223 228 233 238 242 245 249 255 
60 61 64 70 80 91 98 108 120 125 130 136 144 150 155 156 162 168 172 173 178 186 190 194 200 205 213 217 217 223 227 227 233 241 245 249 252 256 262 
62 63 66 72 82 94 101 110 122 128 134 140 148 155 160 164 167 173 177 177 181 189 193 200 203 206 218 222 227 229 234 235 239 244 249 251 257 263 268 
64 65 68 74 84 97 104 113 125 131 138 144 152 159 165 169 175 179 184 185 187 192 196 202 208 212 224 227 230 235 240 243 246 250 256 260 264 267 274 
66 67 70 76 86 99 106 114 128 134 142 148 156 164 169 173 179 184 188 195 196 196 199 205 212 219 227 232 237 238 243 250 254 258 261 266 271 274 278 
68 69 72 78 88 101 109 117 130 137 146 152 160 168 176 181 186 190 191 194 197 200 204 211 216 220 231 237 240 244 249 253 256 261 267 271 275 280 285 
70 71 74 80 90 104 112 121 133 140 150 156 164 172 181 187 193 197 200 203 206 205 212 216 223 227 232 236 243 250 256 261 262 267 272 276 281 287 290 
72 73 76 82 92 107 114 124 136 143 153 160 168 176 186 192 198 205 211 213 216 216 221 222 228 232 236 241 248 254 259 264 270 274 278 282 286 292 299 
74 75 78 84 94 109 117 126 138 146 156 164 172 185 191 197 203 212 215 218 215 219 221 225 233 238 242 247 252 263 267 271 275 280 284 287 295 299 302 
76 77 80 86 96 111 120 129 141 149 159 168 176 190 196 202 209 216 222 222 227 229 232 236 239 243 245 251 259 266 270 275 279 286 292 293 301 307 314 
78 79 82 88 98 113 122 132 144 152 162 172 180 195 201 207 215 223 227 231 232 234 235 239 241 247 251 257 263 269 273 281 283 291 294 299 306 315 321 
80 81 84 90 100 115 125 134 146 155 165 176 185 200 206 213 220 228 232 234 236 237 241 243 249 251 255 262 267 273 279 286 290 294 299 304 310 322 326 
