4 5 6 7 8 9 10 11 12 13 14 15 16 17 18 19 20 21 22 23 24 25 26 27 28 29 30 31 32 33 34 35 36 37 38 39 40 41 42 
6 7 9 10 12 13 14 15 16 17 18 19 20 21 22 23 24 25 26 27 28 29 30 31 32 33 34 35 36 37 38 39 40 41 42 43 44 45 46 
8 9 12 13 15 16 18 19 21 22 24 25 26 27 28 29 30 31 32 33 34 35 36 37 38 39 40 41 42 43 44 45 46 47 48 49 50 51 52 
10 11 14 16 18 20 22 23 25 26 28 29 31 32 34 35 37 38 40 41 42 43 44 45 46 47 48 49 50 51 52 53 54 55 56 57 58 59 60 
12 13 16 19 21 24 25 27 30 31 33 34 36 37 39 40 42 43 45 46 48 49 51 52 54 55 57 58 59 61 62 63 64 65 66 67 68 69 70 
14 15 18 22 24 28 29 31 33 36 37 39 42 43 45 46 48 49 51 52 54 55 57 58 60 61 63 64 66 67 69 70 71 73 75 76 78 79 80 
16 17 20 24 27 31 33 35 37 40 42 44 46 48 50 52 54 56 58 59 61 62 63 65 67 68 70 71 73 74 76 77 79 80 82 83 85 86 88 
18 19 22 27 30 34 36 39 42 45 46 48 51 53 55 57 60 61 63 65 67 68 72 73 75 76 77 79 80 82 84 85 86 87 90 91 93 94 96 
20 21 24 30 33 37 40 42 46 50 51 54 56 58 61 63 65 66 69 71 73 75 77 79 81 83 84 87 90 91 93 94 96 97 99 100 101 103 104 
22 23 26 32 36 40 44 46 49 55 56 58 61 65 66 68 70 72 74 76 80 82 83 86 88 90 92 94 96 98 100 102 104 105 107 109 111 113 115 
24 25 28 34 38 43 48 50 52 57 60 63 65 68 72 74 76 77 81 83 86 86 90 93 95 96 98 99 102 105 107 109 111 112 115 117 119 121 123 
26 27 30 36 41 46 52 54 56 59 64 67 70 71 78 79 82 83 86 89 92 94 96 98 101 105 107 109 109 112 113 115 118 120 122 124 127 129 131 
28 29 32 38 43 48 56 58 60 63 68 71 73 76 84 85 87 89 91 93 98 100 103 104 108 112 114 116 117 119 121 123 126 127 130 131 133 135 137 
30 31 34 40 46 51 58 60 63 67 71 75 78 85 90 91 93 95 98 101 103 106 109 110 113 118 120 122 125 125 127 132 134 136 138 140 143 144 145 
32 33 36 42 49 54 61 63 68 70 73 78 83 85 96 97 99 100 103 107 109 112 115 117 118 123 125 128 128 132 136 138 142 145 147 149 151 153 155 
34 35 38 44 51 56 64 66 71 75 78 83 85 90 100 101 104 106 108 112 116 118 122 124 126 131 133 135 140 140 143 144 144 151 155 157 159 161 163 
36 37 40 46 53 59 66 69 75 79 81 84 89 92 104 106 109 112 114 117 119 123 127 130 132 136 139 144 147 148 150 154 155 159 161 162 166 168 173 
38 39 42 48 56 62 68 73 79 83 86 89 97 99 108 110 113 117 120 123 126 127 134 136 137 138 146 149 153 156 157 161 164 167 169 171 175 174 177 
40 41 44 50 59 64 71 75 82 85 91 94 97 103 112 115 118 122 124 129 132 134 139 142 144 148 152 156 157 162 165 169 171 175 178 181 183 184 185 
42 43 46 52 61 67 73 78 86 89 92 97 102 107 116 119 122 126 130 134 136 137 143 148 151 154 157 162 165 169 170 171 175 181 184 189 192 193 196 
44 45 48 54 64 69 76 81 89 93 95 102 104 108 120 122 124 128 135 140 142 145 148 154 157 159 162 168 171 173 177 180 179 187 187 192 197 200 201 
46 47 50 56 66 73 79 84 92 95 101 106 110 115 122 125 129 134 139 144 148 153 156 160 163 165 169 174 178 181 183 186 188 195 193 197 199 203 207 
48 49 52 58 68 75 82 87 96 99 103 108 114 119 124 130 135 138 141 148 151 155 161 165 170 172 176 179 180 187 190 194 199 203 206 209 212 215 216 
50 51 54 60 70 77 84 91 100 105 108 114 118 123 130 132 139 144 147 151 154 157 167 172 174 181 183 186 189 190 194 198 205 209 213 216 219 219 222 
52 53 56 62 72 80 87 92 104 109 113 117 122 125 131 140 144 148 150 152 160 166 171 174 180 184 188 190 194 200 201 204 208 210 213 218 222 228 231 
54 55 58 64 74 82 90 96 108 113 115 122 127 129 134 144 149 155 152 159 165 170 177 179 185 188 192 196 202 205 209 213 216 216 222 224 227 233 238 
56 57 60 66 76 86 92 99 112 117 121 126 130 135 142 146 148 152 157 162 165 172 182 186 190 193 198 202 206 209 216 216 221 227 229 234 235 236 241 
58 59 62 68 78 88 95 101 116 121 126 130 138 144 143 152 157 158 162 166 171 175 181 187 193 200 205 206 209 215 217 221 227 232 235 241 244 246 253 
60 61 64 70 80 90 98 104 120 125 130 134 141 148 153 155 160 160 164 170 177 183 190 191 194 200 204 217 215 220 224 226 228 233 242 249 252 253 259 
62 63 66 72 82 92 101 108 122 128 134 139 147 155 160 162 167 170 174 175 178 187 193 195 198 206 211 222 227 223 229 235 237 241 245 251 256 260 265 
64 65 68 74 84 96 103 110 124 131 138 144 151 159 165 169 170 176 180 182 184 190 194 200 205 211 213 227 230 233 236 241 245 245 252 260 264 267 270 
66 67 70 76 86 98 105 113 124 133 141 148 153 164 168 166 175 178 183 184 191 195 198 204 207 215 218 231 232 238 238 249 251 254 258 263 270 272 278 
68 69 72 78 88 100 108 117 125 136 144 152 160 168 176 179 183 185 188 190 194 200 203 208 214 220 223 231 235 238 246 248 253 258 266 266 272 280 282 
70 71 74 80 90 103 110 120 129 139 150 156 158 171 177 183 187 190 196 198 202 205 209 214 220 227 230 234 239 249 253 255 261 265 268 275 280 285 289 
72 73 76 82 92 105 114 123 131 142 153 160 167 174 180 189 198 205 211 212 212 214 217 219 224 230 233 241 244 251 256 261 267 274 274 281 283 291 294 
74 75 78 84 94 107 116 125 134 144 156 164 172 180 188 195 201 207 204 209 208 212 218 224 228 234 240 246 251 258 265 270 274 280 281 286 292 299 302 
76 77 80 86 96 109 119 127 135 147 159 167 176 184 196 202 208 214 218 220 226 229 232 236 237 239 243 250 254 263 270 275 276 286 288 292 301 307 314 
78 79 82 88 98 113 121 130 140 149 162 168 180 190 201 207 215 221 226 231 230 231 231 234 237 242 251 254 259 269 271 275 283 287 291 296 306 315 321 
80 81 84 90 100 114 124 133 142 153 165 173 184 198 206 212 220 225 232 233 235 236 240 242 249 250 254 259 267 272 278 281 289 293 296 303 306 315 326 
