4 5 6 7 8 9 10 11 12 13 14 15 16 17 18 19 20 21 22 23 24 25 26 27 28 29 30 31 32 33 34 35 36 37 38 39 40 41 42 
6 7 9 10 12 13 14 15 16 17 18 19 20 21 22 23 24 25 26 27 28 29 30 31 32 33 34 35 36 37 38 39 40 41 42 43 44 45 46 
8 9 12 13 15 16 18 19 21 22 24 25 26 27 28 29 30 31 32 33 34 35 36 37 38 39 40 41 42 43 44 45 46 47 48 49 50 51 52 
10 11 14 16 18 20 22 23 25 26 28 29 31 32 34 35 37 38 40 41 42 43 44 45 46 47 48 49 50 51 52 53 54 55 56 57 58 59 60 
12 13 16 19 21 24 25 27 30 31 33 34 36 37 39 40 42 43 45 46 48 49 51 52 54 55 56 58 60 61 62 63 64 65 66 67 68 69 70 
14 15 18 22 24 28 29 31 34 35 37 39 42 43 45 46 48 49 51 52 54 55 57 58 60 61 63 64 66 67 69 70 72 73 75 76 78 79 80 
16 17 20 24 27 31 33 35 38 40 42 44 46 48 50 52 54 55 58 59 61 62 64 65 67 68 70 71 73 74 76 77 79 80 82 83 85 86 88 
18 19 22 27 30 34 36 38 41 45 46 48 51 54 56 57 60 61 63 65 67 68 72 73 75 76 78 79 80 82 84 85 86 88 90 91 93 94 96 
20 21 24 30 33 37 40 42 46 50 51 53 55 58 61 63 65 66 69 71 74 75 78 79 81 83 85 87 88 90 93 94 96 97 99 100 102 102 104 
22 23 26 32 36 40 44 46 48 55 56 58 61 65 66 68 70 72 74 78 80 81 84 86 88 90 92 94 96 98 100 102 103 105 107 109 111 113 114 
24 25 28 34 38 42 48 50 52 57 60 63 64 68 72 74 76 77 81 84 86 87 90 92 93 96 98 99 102 104 107 109 111 113 115 117 117 121 123 
26 27 30 36 41 46 52 54 55 59 64 67 69 72 78 79 82 83 85 89 92 94 96 98 100 102 105 108 109 110 113 115 118 120 121 124 126 128 131 
28 29 32 38 44 49 56 58 60 63 68 71 73 76 84 85 87 89 90 93 97 100 102 104 108 111 113 115 117 119 121 123 124 128 130 131 133 135 136 
30 31 34 40 46 51 58 61 64 66 71 75 77 85 90 91 93 96 98 101 103 106 107 110 113 115 120 122 124 126 127 131 134 136 138 139 142 144 146 
32 33 36 42 48 54 61 63 68 69 74 79 82 86 96 97 99 99 103 107 109 112 113 117 118 122 126 127 128 131 136 139 142 145 147 149 151 153 155 
34 35 38 44 51 56 64 66 71 75 78 82 84 89 100 101 103 107 108 111 114 119 122 124 126 130 133 137 140 141 141 143 146 150 153 156 159 161 163 
36 37 40 46 54 59 66 69 74 79 82 85 88 92 104 106 109 112 114 117 119 123 127 129 133 135 140 143 146 149 150 152 153 157 159 163 163 167 171 
38 39 42 48 57 62 68 72 79 83 86 89 94 96 108 109 112 117 120 122 124 127 132 135 138 139 146 149 151 154 156 158 161 164 166 172 173 173 176 
40 41 44 50 59 64 72 75 82 84 89 94 97 103 112 114 116 117 125 128 131 135 138 142 145 147 151 156 159 162 163 167 170 173 175 179 181 182 187 
42 43 46 52 62 67 73 78 86 89 91 96 101 105 116 118 121 123 125 130 131 136 144 148 152 155 158 161 164 166 167 171 174 180 183 186 189 190 194 
44 45 48 54 64 70 76 81 89 91 96 101 105 112 114 122 125 128 133 135 140 142 148 154 158 161 162 166 171 174 177 177 178 184 187 190 196 200 203 
46 47 50 56 66 72 78 85 91 96 101 105 108 114 122 127 129 132 134 139 146 147 153 157 162 165 166 174 177 179 183 187 189 191 193 197 199 204 206 
48 49 52 58 68 75 81 87 96 99 104 107 113 119 122 129 130 136 139 143 151 155 161 165 169 171 175 176 180 185 189 193 196 198 200 204 209 212 214 
50 51 54 60 70 77 84 90 100 104 107 112 117 121 127 134 139 142 144 147 151 155 161 172 176 179 180 185 185 191 194 195 201 206 209 212 215 220 222 
52 53 56 62 72 80 87 92 104 109 110 116 120 124 129 138 140 142 147 152 158 162 167 168 181 183 189 191 195 199 202 205 208 207 214 219 222 228 231 
54 55 58 64 74 82 90 96 108 111 115 119 126 129 135 137 143 148 155 158 163 166 170 175 181 188 192 197 200 202 206 211 214 218 221 223 226 232 239 
56 57 60 66 76 85 92 99 112 117 120 124 130 136 138 142 147 152 157 161 167 170 176 180 186 188 197 200 203 205 215 218 222 224 228 231 235 237 243 
58 59 62 68 78 89 96 103 116 121 125 132 138 143 145 149 153 156 160 164 171 175 180 184 191 195 196 204 206 211 214 221 224 233 234 238 243 245 251 
60 61 64 70 80 90 98 105 120 125 128 134 140 142 144 151 155 159 165 171 175 180 187 191 195 196 202 211 213 218 223 225 232 233 241 246 250 256 259 
62 63 66 72 82 92 101 106 122 128 133 140 142 153 157 159 162 165 170 177 179 185 191 195 198 203 208 218 222 226 231 232 237 239 244 248 254 261 266 
64 65 68 74 84 96 102 111 123 131 137 141 148 152 154 158 164 169 175 179 185 191 192 199 203 210 213 220 222 230 237 242 244 248 250 253 259 266 268 
66 67 70 76 86 97 106 113 122 133 142 148 152 156 159 166 172 174 177 184 188 193 199 203 211 215 217 222 227 233 238 247 247 253 257 263 267 269 277 
68 69 72 78 88 99 108 117 126 135 145 152 159 167 173 177 179 183 188 194 197 200 203 208 214 219 223 228 235 238 246 248 251 254 261 267 273 278 282 
70 71 74 80 90 101 110 120 129 139 150 155 164 171 170 176 178 185 188 194 197 202 208 213 220 224 228 233 241 245 249 254 257 263 269 270 280 283 287 
72 73 76 82 92 105 113 123 131 142 152 159 165 176 181 189 192 196 197 199 204 208 212 220 226 229 233 240 246 251 254 263 266 269 278 279 286 289 294 
74 75 78 84 94 108 116 125 134 145 156 161 169 178 186 193 198 203 208 209 208 214 218 222 229 233 239 245 251 255 261 266 273 273 279 285 293 299 300 
76 77 80 86 96 108 118 127 137 147 156 166 174 182 192 197 201 205 207 207 213 218 223 228 235 240 243 250 254 262 268 273 276 280 286 291 298 304 305 
78 79 82 88 98 111 122 130 139 149 162 170 177 188 195 200 203 205 206 213 218 222 229 233 240 244 248 254 262 266 271 275 283 285 291 296 305 310 313 
80 81 84 90 100 114 123 133 143 153 162 172 177 196 204 211 216 225 227 232 235 234 237 239 243 249 254 261 264 273 279 284 288 293 299 303 308 317 317 
