4 5 6 7 8 9 10 11 12 13 14 15 16 17 18 19 20 21 22 23 24 25 26 27 28 29 30 31 32 33 34 35 36 37 38 39 40 41 42 
6 7 9 10 12 13 14 15 16 17 18 19 20 21 22 23 24 25 26 27 28 29 30 31 32 33 34 35 36 37 38 39 40 41 42 43 44 45 46 
8 9 12 13 15 16 18 19 21 22 24 25 26 27 28 29 30 31 32 33 34 35 36 37 38 39 40 41 42 43 44 45 46 47 48 49 50 51 52 
10 11 14 16 18 20 22 23 25 26 28 29 31 32 34 35 37 38 40 41 42 43 44 45 46 47 48 49 50 51 52 53 54 55 56 57 58 59 60 
12 13 16 19 21 24 25 27 30 31 33 34 36 37 39 40 42 43 45 46 48 49 51 52 54 55 57 58 59 61 62 63 64 65 66 67 68 69 70 
14 15 18 22 24 28 29 31 34 35 37 39 42 43 45 46 48 49 51 52 54 55 57 58 60 61 63 64 66 67 69 70 72 73 75 76 78 79 80 
16 17 20 24 27 31 33 35 38 40 42 44 46 48 50 52 54 56 58 59 61 62 64 65 66 68 70 71 73 74 76 77 79 80 82 83 85 86 88 
18 19 22 27 30 34 36 39 41 45 46 48 51 53 56 57 60 61 63 65 67 68 72 73 75 76 77 79 81 82 84 85 86 88 90 91 93 94 96 
20 21 24 30 33 37 40 42 46 50 51 53 56 58 61 63 65 67 68 71 73 75 77 79 81 83 85 87 88 90 93 94 96 97 99 100 101 103 105 
22 23 26 32 35 40 44 46 49 55 56 58 61 65 66 68 70 73 73 77 80 82 83 86 88 90 92 94 96 98 100 102 104 105 107 109 111 113 114 
24 25 28 34 38 43 48 50 52 57 60 63 65 67 72 74 76 78 81 83 86 88 90 91 94 96 98 99 102 105 107 109 111 113 114 116 119 121 123 
26 27 30 36 41 46 52 54 56 59 64 67 70 71 78 79 82 83 86 89 92 94 96 98 101 105 107 109 108 111 114 115 117 120 122 124 127 129 131 
28 29 32 38 43 48 56 58 60 63 68 71 72 76 84 85 87 88 90 94 98 100 102 105 108 112 114 116 117 119 121 124 124 126 129 131 132 135 137 
30 31 34 40 46 51 58 61 64 67 72 75 77 85 90 91 93 95 98 101 103 106 107 109 110 116 120 122 124 126 127 131 134 136 139 141 142 143 145 
32 33 36 42 49 54 61 63 67 70 74 77 83 84 96 97 99 100 103 107 108 112 115 116 119 122 127 129 130 131 136 139 142 145 147 149 151 153 154 
34 35 38 44 51 56 64 66 71 75 78 81 85 90 100 101 104 106 108 112 115 118 122 124 126 130 133 136 139 141 140 145 146 150 154 156 159 161 163 
36 37 40 46 54 58 66 69 75 79 82 85 89 92 104 106 109 112 115 118 119 122 128 130 132 136 140 143 146 149 151 154 156 158 161 163 163 166 172 
38 39 42 48 57 61 68 72 79 83 86 90 97 99 108 110 113 117 121 124 127 128 134 137 139 139 146 149 153 156 158 160 163 165 168 171 173 173 176 
40 41 44 50 59 64 71 76 83 85 89 93 97 100 112 115 118 122 126 129 131 135 139 142 145 149 151 155 158 162 166 168 171 174 177 179 180 183 186 
42 43 46 52 61 67 74 79 86 88 92 98 102 107 116 118 121 126 129 132 135 139 145 148 152 155 156 161 165 165 166 169 174 181 184 187 190 191 193 
44 45 48 54 64 70 76 80 88 92 95 101 104 108 120 122 125 130 133 135 138 144 150 153 157 160 163 168 170 174 177 178 180 183 189 192 197 199 203 
46 47 50 56 66 72 79 85 91 97 100 105 109 113 122 127 131 133 135 142 145 151 155 159 161 165 169 175 176 181 182 185 189 192 194 197 204 205 204 
48 49 52 58 68 75 81 87 95 100 103 107 113 117 121 127 132 135 140 142 147 153 161 165 171 173 174 179 181 187 190 191 198 201 203 207 209 213 217 
50 51 54 60 70 78 84 90 100 105 110 113 117 120 126 135 140 143 143 147 151 159 165 172 176 179 182 185 185 190 195 196 204 208 210 213 217 220 225 
52 53 56 62 72 80 87 93 104 109 110 116 121 125 128 140 143 148 150 155 159 166 170 174 181 184 189 192 196 200 203 206 208 210 213 218 223 225 228 
54 55 58 64 74 83 90 95 108 113 116 119 125 128 134 140 142 148 153 156 162 168 177 180 182 189 189 196 200 204 208 211 214 216 221 222 227 231 240 
56 57 60 66 76 85 92 99 112 117 121 124 131 135 142 146 148 150 160 160 166 173 181 183 188 192 197 201 204 208 215 219 223 224 227 230 234 237 243 
58 59 62 68 78 88 94 102 116 121 125 132 139 140 148 151 155 158 160 164 171 177 180 187 193 197 201 205 208 211 216 220 226 233 238 239 244 244 251 
60 61 64 70 80 90 98 105 120 125 127 135 142 143 153 156 160 161 164 170 175 183 185 189 194 197 204 214 213 220 225 227 230 234 241 246 251 255 258 
62 63 66 72 82 92 100 108 122 128 132 140 146 154 159 162 161 166 170 174 179 185 190 194 200 204 207 216 222 225 229 235 239 242 247 250 255 260 267 
64 65 68 74 84 96 103 110 121 130 138 142 148 152 159 165 173 175 178 182 186 190 196 201 204 208 213 221 222 232 238 240 244 248 252 256 260 262 274 
66 67 70 76 86 98 105 114 122 133 141 147 154 159 166 167 170 175 180 184 190 194 198 203 209 215 219 224 229 234 240 247 250 253 257 261 268 273 278 
68 69 72 78 88 100 108 117 125 137 143 152 159 167 172 179 182 187 189 190 195 199 204 209 214 218 224 233 233 239 247 249 255 261 264 267 274 278 284 
70 71 74 80 90 102 111 120 128 139 150 156 162 171 180 184 186 189 189 195 199 202 208 215 220 225 228 235 238 243 252 255 260 263 272 275 281 286 290 
72 73 76 82 92 105 114 123 131 141 151 160 167 175 182 190 196 196 196 198 202 209 212 218 225 230 236 239 245 249 258 264 270 269 277 279 286 288 294 
74 75 78 84 94 108 116 124 135 145 156 161 172 179 190 196 201 205 206 208 209 212 218 222 228 233 239 244 250 256 267 271 275 278 282 287 295 297 298 
76 77 80 86 96 110 118 127 137 147 158 167 176 184 195 201 208 212 218 222 227 229 232 233 235 241 244 251 256 261 267 271 279 282 288 290 299 303 309 
78 79 82 88 98 111 122 130 140 150 159 170 179 191 199 207 215 223 225 227 230 231 233 234 240 242 251 254 262 267 271 276 281 285 291 299 304 309 312 
80 81 84 90 100 114 124 133 143 153 165 176 184 192 204 213 220 225 225 228 235 237 239 239 244 248 253 258 266 270 278 284 288 293 297 302 308 311 318 
