4 5 6 7 8 9 10 11 12 13 14 15 16 17 18 19 20 21 22 23 24 25 26 27 28 29 30 31 32 33 34 35 36 37 38 39 40 41 42 
6 7 9 10 12 13 14 15 16 17 18 19 20 21 22 23 24 25 26 27 28 29 30 31 32 33 34 35 36 37 38 39 40 41 42 43 44 45 46 
8 9 12 13 15 16 18 19 21 22 24 25 26 27 28 29 30 31 32 33 34 35 36 37 38 39 40 41 42 43 44 45 46 47 48 49 50 51 52 
10 11 14 16 18 20 22 23 25 26 28 29 31 32 34 35 37 38 40 41 42 43 44 45 46 47 48 49 50 51 52 53 54 55 56 57 58 59 60 
12 13 16 19 21 24 25 27 30 31 33 34 36 37 39 40 42 43 45 46 48 49 51 52 54 55 57 58 60 61 62 63 64 65 66 67 68 69 70 
14 15 18 22 24 28 29 31 34 35 37 39 42 43 44 46 48 49 51 52 54 55 57 58 60 61 63 64 66 67 69 70 72 73 75 76 78 78 80 
16 17 20 24 27 31 33 35 37 40 42 43 46 48 50 51 53 56 58 59 61 62 64 65 67 68 70 71 73 74 76 77 79 80 82 83 85 86 88 
18 19 22 27 30 34 36 39 42 45 46 48 51 53 56 57 60 61 63 65 67 68 70 72 74 76 77 78 81 82 84 85 86 88 90 91 93 94 96 
20 21 24 30 33 37 40 42 46 50 51 53 56 59 60 62 63 66 69 71 73 75 78 79 81 83 84 86 88 90 92 93 94 97 97 100 101 103 104 
22 23 26 32 36 40 44 46 49 55 56 58 61 64 66 68 70 71 75 76 78 82 82 85 87 90 92 94 95 98 100 101 103 104 107 108 109 111 113 
24 25 28 34 38 43 48 49 52 58 60 62 65 70 70 73 76 78 81 83 86 86 89 91 94 95 98 99 102 105 107 108 111 112 114 116 119 121 123 
26 27 30 36 41 46 52 54 56 61 64 67 69 75 77 80 79 83 87 89 92 93 95 98 100 102 104 107 110 110 113 115 117 120 121 124 126 129 131 
28 29 32 38 44 49 56 57 59 64 68 71 73 80 84 85 86 89 91 95 97 100 101 104 107 109 112 114 117 118 122 124 125 126 128 131 132 134 137 
30 31 34 40 46 51 58 61 64 66 72 75 77 85 90 91 93 94 97 101 103 103 107 109 113 117 118 121 123 126 129 131 132 135 137 139 143 144 146 
32 33 36 42 49 53 60 64 67 71 75 78 80 90 96 97 99 101 104 107 109 112 114 116 119 123 125 128 129 134 136 138 140 143 146 147 151 152 154 
34 35 38 44 52 56 64 67 72 75 78 83 84 94 100 101 104 106 109 112 115 118 119 123 125 129 132 133 136 138 139 144 146 151 154 155 159 160 163 
36 37 40 46 54 59 66 70 76 78 81 85 89 98 104 105 109 111 114 117 119 122 126 129 133 137 141 141 145 144 148 151 153 158 161 162 162 169 171 
38 39 42 48 57 62 68 75 79 83 86 90 95 102 108 110 113 116 119 120 125 129 131 135 138 143 147 148 151 153 154 158 159 164 169 169 173 174 178 
40 41 44 50 60 65 72 77 82 85 90 93 99 106 112 114 116 120 124 128 130 134 138 138 143 148 153 152 158 161 163 165 170 172 176 177 179 179 186 
42 43 46 52 62 67 74 81 85 88 94 98 103 110 116 117 121 123 129 131 132 139 145 149 149 153 159 160 161 167 165 170 176 179 183 186 186 189 193 
44 45 48 54 64 70 77 84 89 92 98 100 105 111 120 120 120 128 133 134 139 143 150 155 156 158 165 167 170 174 173 176 180 182 187 193 197 198 201 
46 47 50 56 66 73 80 87 92 97 100 104 111 117 124 124 127 131 135 141 142 150 155 160 160 163 170 173 177 180 182 186 187 191 194 198 202 202 207 
48 49 52 58 68 75 82 90 96 100 104 107 115 120 128 127 131 134 138 145 147 155 160 166 163 170 175 177 181 187 189 192 193 198 202 206 210 209 213 
50 51 54 60 70 78 85 93 99 104 107 113 117 122 132 131 136 140 144 149 150 160 163 171 170 172 181 184 187 191 195 196 202 205 209 212 216 219 222 
52 53 56 62 72 81 88 96 104 108 110 116 122 126 133 136 140 145 147 155 156 162 167 174 176 178 187 190 193 196 201 201 206 211 212 218 223 226 228 
54 55 58 64 74 83 90 99 108 113 115 121 124 130 134 138 142 148 152 159 163 168 172 180 180 184 190 196 198 202 207 208 211 214 220 224 227 235 236 
56 57 60 66 76 86 93 102 112 117 119 122 128 133 136 143 148 154 157 162 167 170 176 185 184 189 194 200 202 209 214 217 222 224 225 231 234 239 240 
58 59 62 68 78 89 96 105 116 121 124 128 131 138 141 146 150 155 159 167 173 175 179 189 189 194 202 205 208 214 218 221 228 231 232 236 239 244 250 
60 61 64 70 80 91 98 108 120 125 130 131 136 142 146 150 156 159 166 170 178 181 185 194 194 196 208 208 214 219 223 223 231 236 238 245 247 254 255 
62 63 66 72 82 94 101 110 122 128 133 132 141 145 149 155 158 165 171 175 181 184 191 196 199 203 211 212 221 224 227 232 234 240 242 250 255 260 262 
64 65 68 74 84 97 104 112 125 131 137 138 145 151 154 160 164 168 174 179 184 188 195 200 206 210 214 217 226 230 233 239 242 244 251 255 261 264 271 
66 67 70 76 86 99 106 114 128 134 141 145 150 156 157 161 169 173 179 185 188 194 199 205 209 213 218 221 231 232 238 245 249 250 255 260 267 272 276 
68 69 72 78 88 101 109 117 130 136 145 147 153 160 160 168 172 177 183 187 192 199 204 210 213 218 225 229 236 238 245 252 251 257 260 265 272 276 281 
70 71 74 80 90 103 112 120 133 140 149 149 159 164 165 171 177 183 188 192 198 203 212 215 223 224 229 236 241 245 249 256 257 262 266 274 278 281 287 
72 73 76 82 92 107 114 123 136 143 153 152 165 167 170 174 180 187 191 196 202 207 215 218 226 232 234 239 243 250 253 261 267 271 276 279 284 286 295 
74 75 78 84 94 109 116 126 138 146 156 160 169 169 173 179 187 189 195 203 209 213 220 224 230 233 242 244 252 257 263 265 273 275 280 284 288 296 299 
76 77 80 86 96 111 118 129 140 149 159 163 174 172 178 184 189 195 201 205 210 217 221 229 232 239 243 249 256 260 267 273 278 282 287 292 296 302 304 
78 79 82 88 98 113 121 131 143 152 162 163 179 178 182 186 192 199 205 209 217 222 228 234 238 245 249 257 261 264 271 277 283 284 291 297 304 309 311 
80 81 84 90 100 115 125 134 146 154 165 166 183 178 188 191 197 203 210 214 221 227 232 239 243 248 254 259 265 269 276 282 287 292 298 304 309 314 318 
