4 5 6 7 8 9 10 11 12 13 14 15 16 17 18 19 20 21 22 23 24 25 26 27 28 29 30 31 32 33 34 35 36 37 38 39 40 41 42 
6 7 9 10 12 13 14 15 16 17 18 19 20 21 22 23 24 25 26 27 28 29 30 31 32 33 34 35 36 37 38 39 40 41 42 43 44 45 46 
8 9 12 13 15 16 18 19 21 22 24 25 26 27 28 29 30 31 32 33 34 35 36 37 38 39 40 41 42 43 44 45 46 47 48 49 50 51 52 
10 11 14 16 18 20 22 23 25 26 28 29 31 32 34 35 37 38 40 41 42 43 44 45 46 47 48 49 50 51 52 53 54 55 56 57 58 59 60 
12 13 16 19 21 24 25 27 30 31 33 34 36 37 39 40 42 43 45 46 48 49 51 52 54 55 56 58 59 61 62 63 64 65 66 67 68 69 70 
14 15 18 22 24 28 29 31 34 36 37 39 42 43 45 46 48 49 51 52 54 55 57 58 60 61 63 64 66 67 69 70 72 73 74 76 78 79 80 
16 17 20 24 27 31 33 35 38 40 42 44 46 48 50 52 54 55 58 59 61 62 64 65 67 68 69 71 73 74 76 77 79 80 82 83 85 86 88 
18 19 22 27 30 34 36 38 42 45 46 48 51 53 56 57 60 61 63 65 67 68 72 73 75 76 78 79 81 82 84 85 86 88 89 91 93 94 96 
20 21 24 30 33 37 40 42 46 50 51 53 55 58 61 63 64 67 68 71 73 76 78 79 81 83 85 87 88 90 93 94 96 97 99 100 101 103 105 
22 23 26 32 36 40 44 46 50 55 56 58 61 65 66 68 70 73 74 78 80 80 82 85 87 89 92 93 95 97 100 101 103 105 106 109 112 113 115 
24 25 28 34 38 43 48 50 52 56 60 63 65 67 72 74 76 77 81 83 85 88 89 92 93 95 98 99 102 104 107 109 111 112 114 116 118 120 123 
26 27 30 36 41 46 52 54 56 59 63 67 70 72 78 79 81 83 85 89 92 94 95 97 99 102 103 108 110 112 113 115 118 120 122 124 126 128 131 
28 29 32 38 44 48 56 58 60 63 67 71 74 77 84 85 87 88 90 93 97 99 102 105 108 110 112 115 117 119 120 123 125 127 130 132 134 135 137 
30 31 34 40 46 51 58 61 63 66 71 75 76 85 90 91 93 95 96 101 103 106 108 109 112 115 117 122 124 126 128 130 133 135 136 139 141 144 146 
32 33 36 42 49 53 61 63 68 70 74 79 83 86 94 96 99 101 103 106 108 110 112 115 119 121 124 126 129 131 135 137 141 143 145 147 150 151 154 
34 35 38 44 51 57 64 66 71 75 78 81 85 89 100 101 104 106 107 109 113 116 120 123 127 130 132 135 138 138 142 143 147 150 153 157 158 160 162 
36 37 40 46 54 59 66 69 75 79 81 85 90 92 102 105 108 110 113 117 119 124 127 130 133 136 138 142 144 146 148 151 154 156 157 162 165 167 170 
38 39 42 48 57 61 69 72 79 83 85 89 92 97 108 110 113 115 118 121 124 126 132 133 136 137 142 148 151 154 156 159 162 164 166 169 172 174 174 
40 41 44 50 58 64 71 75 82 84 89 92 97 102 106 109 113 117 121 125 128 132 139 141 143 147 150 151 156 159 162 165 168 171 175 178 179 182 185 
42 43 46 52 61 67 73 78 86 89 91 96 101 105 109 113 118 124 127 128 134 137 144 148 150 154 157 159 164 164 166 170 173 178 182 186 189 191 193 
44 45 48 54 63 69 76 81 89 92 97 100 104 113 117 121 124 129 133 137 137 142 145 149 152 157 163 165 170 172 175 178 180 185 188 190 195 198 200 
46 47 50 56 66 72 78 84 92 96 100 104 109 117 121 125 127 131 134 137 145 150 152 156 160 162 168 172 176 179 180 183 186 190 192 196 199 203 206 
48 49 52 58 68 75 81 87 95 99 102 108 113 120 122 126 129 135 139 142 146 151 158 162 165 169 173 176 181 185 186 190 195 197 200 204 208 211 212 
50 51 54 60 70 77 84 90 100 104 107 111 116 120 126 130 134 141 144 149 153 155 161 168 173 173 177 181 186 188 193 195 199 201 207 210 214 219 220 
52 53 56 62 72 80 86 94 104 109 112 116 121 124 130 135 138 143 147 153 156 160 168 171 178 182 184 186 192 195 199 202 205 208 213 216 221 227 229 
54 55 58 64 74 82 90 96 108 112 116 121 124 127 133 138 142 149 152 157 161 166 171 177 179 187 189 193 198 203 206 209 214 218 220 224 228 233 237 
56 57 60 66 76 85 92 99 112 117 122 126 129 134 140 143 146 152 157 161 166 171 177 181 186 189 196 198 202 204 210 213 218 221 224 228 231 239 244 
58 59 62 68 78 88 95 103 116 121 124 127 131 136 141 145 152 157 161 167 169 177 180 183 190 194 197 205 206 210 216 218 223 228 231 236 240 244 250 
60 61 64 70 80 90 97 104 120 125 128 131 137 139 145 152 156 160 165 170 174 178 185 190 193 197 202 208 211 215 222 227 231 231 237 245 248 251 258 
62 63 66 72 82 93 100 107 122 128 132 135 142 146 150 156 160 165 170 175 180 183 189 194 201 203 206 213 222 224 227 234 237 240 244 248 254 258 266 
64 65 68 74 84 96 103 110 123 130 136 141 148 153 153 159 164 171 176 182 183 190 194 200 204 208 212 218 224 229 234 236 240 244 251 254 258 262 267 
66 67 70 76 86 98 106 114 122 132 137 142 147 152 158 163 168 174 179 184 189 192 198 204 211 214 219 222 228 233 239 241 246 251 256 258 263 270 273 
68 69 72 78 88 99 108 116 125 135 139 144 150 156 163 168 172 178 183 189 195 198 204 209 215 220 225 229 233 238 245 248 251 255 261 268 273 275 280 
70 71 74 80 90 101 111 119 129 139 145 150 156 161 167 170 177 183 187 192 199 205 207 214 220 224 230 232 239 244 248 255 258 267 268 272 279 283 287 
72 73 76 82 92 105 112 121 130 142 151 154 159 164 170 174 181 187 193 199 202 209 216 217 226 230 236 240 248 251 257 260 264 271 274 279 284 290 291 
74 75 78 84 94 108 116 125 134 145 151 159 164 169 174 180 185 192 196 201 206 213 217 222 228 233 240 246 250 252 261 267 270 275 280 287 290 294 296 
76 77 80 86 96 109 118 127 137 146 156 162 169 174 177 182 188 193 200 207 213 217 221 227 234 239 245 249 254 259 264 271 276 281 285 288 295 300 307 
78 79 82 88 98 112 121 129 138 149 155 161 169 175 184 189 195 199 205 210 214 223 230 234 238 244 249 254 259 265 272 277 282 285 289 296 301 306 311 
80 81 84 90 100 115 123 132 142 150 161 169 172 178 185 192 199 205 208 216 222 226 232 236 245 248 255 259 265 271 276 282 285 292 296 300 307 313 319 
