4 5 6 7 8 9 10 11 12 13 14 15 16 17 18 19 20 21 22 23 24 25 26 27 28 29 30 31 32 33 34 35 36 37 38 39 40 41 42 
6 7 9 10 12 13 14 15 16 17 18 19 20 21 22 23 24 25 26 27 28 29 30 31 32 33 34 35 36 37 38 39 40 41 42 43 44 45 46 
8 9 12 13 15 16 18 19 21 22 24 25 26 27 28 29 30 31 32 33 34 35 36 37 38 39 40 41 42 43 44 45 46 47 48 49 50 51 52 
10 11 14 16 18 20 22 23 25 26 28 29 31 32 34 35 37 38 40 41 42 43 44 45 46 47 48 49 50 51 52 53 54 55 56 57 58 59 60 
12 13 16 19 21 24 25 27 30 31 33 34 36 37 39 40 42 43 45 46 48 49 51 52 54 55 57 58 59 60 62 63 64 65 66 67 68 69 70 
14 15 18 22 24 28 29 31 34 35 37 39 42 43 44 46 48 49 51 52 54 55 57 58 60 61 63 64 66 67 69 70 72 73 75 76 77 78 80 
16 17 20 24 27 31 33 35 38 40 42 43 46 48 50 51 54 55 57 59 61 62 63 65 67 68 70 71 73 74 76 77 79 80 81 83 85 86 88 
18 19 22 27 30 34 36 39 41 44 46 49 51 53 54 57 60 61 63 65 67 69 71 72 75 75 77 79 80 82 84 85 86 88 90 91 93 94 96 
20 21 24 30 33 37 40 42 46 50 51 53 56 60 60 62 64 67 69 70 73 75 78 79 81 83 84 86 88 90 91 94 95 96 98 100 102 103 104 
22 23 26 32 36 40 44 46 50 55 56 58 61 65 66 68 71 72 74 76 80 81 82 85 87 90 92 94 96 98 100 102 103 105 107 108 111 112 113 
24 25 28 34 38 43 48 49 53 58 60 63 65 70 70 73 75 78 80 84 86 88 89 91 93 96 97 100 103 105 107 109 111 112 114 117 119 121 122 
26 27 30 36 41 46 52 54 56 61 64 67 69 75 77 79 79 82 87 90 92 94 97 99 101 103 105 107 110 111 114 115 116 120 122 125 126 128 131 
28 29 32 38 44 49 56 58 59 65 67 71 73 80 84 85 87 88 91 93 97 100 103 105 109 112 114 116 116 118 121 122 126 126 128 131 132 135 136 
30 31 34 40 46 51 58 61 64 68 72 75 77 85 90 91 93 94 97 101 104 107 109 110 113 118 121 122 124 126 129 131 134 135 137 139 142 143 145 
32 33 36 42 49 53 61 64 68 70 76 79 82 90 96 97 99 101 104 107 109 113 113 118 121 124 127 130 128 133 136 139 141 143 147 147 150 152 153 
34 35 38 44 52 57 64 67 72 75 78 83 86 94 100 101 104 106 108 113 115 119 121 123 126 130 132 135 136 140 141 144 148 152 154 157 158 161 163 
36 37 40 46 54 59 66 71 76 77 81 87 89 98 104 105 109 112 114 118 120 125 126 130 134 137 139 143 147 146 149 150 154 157 162 160 163 169 171 
38 39 42 48 56 62 69 75 79 83 84 90 94 102 108 110 113 118 119 124 126 131 131 135 138 140 147 150 153 156 158 161 162 166 168 171 174 175 180 
40 41 44 50 60 65 72 78 82 86 89 95 100 104 112 114 118 123 126 129 133 136 140 142 141 149 152 155 158 163 165 168 171 175 175 179 183 180 186 
42 43 46 52 62 67 74 81 86 91 92 99 104 110 116 120 122 128 131 133 137 137 145 148 152 155 159 162 164 169 171 172 178 182 185 189 190 191 193 
44 45 48 54 64 70 77 84 89 95 97 103 105 114 120 124 126 133 135 137 143 144 151 153 158 161 165 167 171 175 177 178 184 187 192 196 200 201 204 
46 47 50 56 66 73 80 87 91 99 100 104 111 118 124 128 130 137 139 145 148 152 156 160 163 164 169 174 177 181 181 184 191 192 195 201 207 206 210 
48 49 52 58 68 75 82 90 96 103 104 107 115 122 128 130 135 141 142 150 151 158 161 167 169 171 174 178 179 186 190 193 198 199 202 206 214 211 214 
50 51 54 60 70 78 84 93 99 106 107 111 118 126 131 136 138 145 145 155 155 159 162 172 176 175 181 187 189 194 195 199 205 210 213 216 221 223 223 
52 53 56 62 72 81 88 96 104 109 113 117 122 128 132 138 144 144 148 160 159 168 172 175 176 186 188 192 193 200 200 204 208 216 218 224 228 229 230 
54 55 58 64 74 83 90 99 108 113 116 122 126 131 140 142 148 153 155 165 165 170 175 181 186 190 194 198 201 206 209 210 213 218 223 226 229 236 237 
56 57 60 66 76 86 93 102 112 117 119 125 129 138 141 143 152 160 159 169 170 173 182 186 191 193 199 199 203 211 216 218 221 226 229 231 234 241 248 
58 59 62 68 78 89 96 105 116 121 125 129 134 140 141 151 156 163 162 171 173 177 187 191 193 196 206 207 211 217 221 223 228 231 235 238 239 245 255 
60 61 64 70 80 91 98 108 120 125 129 136 144 149 149 155 161 168 165 171 176 186 186 194 196 205 211 213 217 223 227 226 233 241 243 248 251 256 262 
62 63 66 72 82 94 101 110 122 128 132 137 148 155 158 160 164 173 170 174 180 189 192 200 199 206 215 222 221 229 233 234 237 242 249 251 256 263 268 
64 65 68 74 84 97 104 113 125 131 138 144 152 159 159 165 171 175 177 179 184 191 195 202 208 212 224 222 230 235 240 242 242 249 256 255 264 265 271 
66 67 70 76 86 99 106 114 127 134 142 148 156 164 169 173 178 180 181 186 188 193 199 204 210 219 227 228 233 238 243 249 249 254 261 266 271 272 277 
68 69 72 78 88 101 108 117 130 137 146 152 160 168 172 175 184 182 183 188 195 198 203 210 214 220 231 237 237 240 249 253 252 260 267 271 273 277 283 
70 71 74 80 90 103 111 120 133 140 150 156 162 172 181 184 191 189 191 196 200 203 208 214 221 224 232 236 240 250 253 261 261 264 269 276 281 282 289 
72 73 76 82 92 107 114 124 136 143 153 160 167 176 186 189 194 193 195 202 207 207 213 219 228 229 233 239 247 254 258 262 263 271 277 282 285 292 298 
74 75 78 84 94 109 117 126 138 146 156 164 172 185 189 196 203 212 214 213 213 219 218 223 233 238 240 244 252 258 264 267 275 278 283 286 292 295 300 
76 77 80 86 96 111 120 129 141 149 159 168 176 190 195 201 209 215 219 215 216 219 222 228 236 238 245 248 259 266 269 272 277 285 287 293 299 304 310 
78 79 82 88 98 113 122 132 144 152 162 171 180 195 201 207 214 220 226 229 232 234 231 239 240 247 250 255 263 269 272 278 282 291 292 299 305 312 319 
80 81 84 90 100 115 124 134 146 153 165 176 184 200 206 212 220 228 231 234 236 236 234 241 244 250 252 259 266 271 279 286 288 294 297 302 309 322 324 
