4 5 6 7 8 9 10 11 12 13 14 15 16 17 18 19 20 21 22 23 24 25 26 27 28 29 30 31 32 33 34 35 36 37 38 39 40 41 42 
6 7 9 10 12 13 14 15 16 17 18 19 20 21 22 23 24 25 26 27 28 29 30 31 32 33 34 35 36 37 38 39 40 41 42 43 44 45 46 
8 9 12 13 15 16 18 19 21 22 24 25 26 27 28 29 30 31 32 33 34 35 36 37 38 39 40 41 42 43 44 45 46 47 48 49 50 51 52 
10 11 14 16 18 20 22 23 25 26 28 29 31 32 34 35 37 38 40 41 42 43 44 45 46 47 48 49 50 51 52 53 54 55 56 57 58 59 60 
12 13 16 19 21 24 25 27 30 31 33 34 36 37 39 40 42 43 45 46 48 49 51 52 54 55 56 58 59 61 62 63 64 65 66 67 68 69 70 
14 15 18 22 24 28 29 31 34 35 37 39 42 43 45 46 48 49 50 52 54 55 57 58 60 61 63 64 66 67 69 70 72 73 75 76 77 79 80 
16 17 20 24 27 31 33 35 38 40 42 44 46 48 50 52 54 56 58 59 61 62 64 65 66 68 70 71 73 74 76 77 79 80 82 83 84 86 88 
18 19 22 27 30 34 36 38 42 44 46 49 51 53 55 57 60 61 64 65 67 69 71 72 74 75 77 79 80 82 84 85 86 87 89 91 92 94 96 
20 21 24 30 33 37 40 42 46 50 50 53 56 58 60 62 66 66 69 71 73 75 77 78 80 82 83 85 88 90 92 94 95 96 98 100 101 103 104 
22 23 26 32 36 40 44 46 50 55 54 58 61 63 65 67 71 72 74 77 79 81 83 85 87 89 91 93 95 98 99 101 103 104 106 108 109 113 113 
24 25 28 34 38 43 48 49 53 58 59 62 65 69 69 72 76 78 79 83 84 86 88 91 93 95 98 100 101 105 106 108 110 113 114 116 117 121 122 
26 27 30 36 41 46 52 53 56 61 63 66 68 74 75 78 80 81 86 88 91 93 95 98 100 101 105 107 109 112 113 114 117 120 121 124 126 129 130 
28 29 32 38 44 49 56 58 59 65 68 69 72 80 80 83 85 87 90 94 95 99 101 104 107 108 112 114 116 117 120 123 125 126 128 130 133 134 137 
30 31 34 40 46 51 58 61 63 68 72 74 77 85 84 89 90 94 98 100 101 105 107 110 111 114 119 121 123 124 127 130 133 133 137 138 139 143 145 
32 33 36 42 49 53 61 64 66 71 76 77 81 89 89 94 95 98 102 104 107 109 113 114 118 120 123 126 128 132 135 137 140 142 145 147 149 150 154 
34 35 38 44 52 56 64 67 71 74 79 82 85 93 93 99 100 103 106 110 112 116 119 120 124 126 131 133 136 137 140 144 145 149 154 155 157 158 161 
36 37 40 46 54 59 66 70 76 78 82 86 90 97 97 103 106 107 111 115 119 122 123 127 130 134 139 140 143 144 147 151 153 157 159 163 163 166 170 
38 39 42 48 57 62 69 75 79 79 84 88 95 101 100 106 111 113 116 119 122 126 129 132 135 138 145 147 151 151 153 156 159 164 165 169 173 173 177 
40 41 44 50 60 65 72 78 81 83 89 92 98 102 104 110 113 117 121 125 129 135 135 137 140 143 150 154 155 159 161 163 166 172 173 177 179 182 183 
42 43 46 52 62 67 74 81 85 88 92 97 103 105 109 112 120 123 124 129 133 140 142 143 147 153 155 160 159 164 167 169 173 179 181 185 186 189 190 
44 45 48 54 64 69 77 84 89 93 96 101 107 109 113 118 124 128 130 135 139 143 144 147 154 159 161 166 167 170 171 176 179 184 186 192 193 195 199 
46 47 50 56 66 72 80 87 93 96 100 104 111 111 117 122 126 131 133 140 142 150 152 153 158 163 163 173 172 177 179 183 185 189 193 198 202 205 205 
48 49 52 58 68 75 82 90 96 100 103 109 114 117 122 126 131 136 137 143 146 155 158 161 162 169 170 178 178 183 185 191 193 196 201 203 209 211 212 
50 51 54 60 70 78 85 93 99 104 107 111 117 120 126 128 135 140 143 148 150 158 162 166 168 173 176 185 182 188 192 196 200 203 208 210 216 218 220 
52 53 56 62 72 81 88 96 101 108 110 115 120 124 130 134 138 145 147 153 157 163 167 170 172 179 184 189 189 195 199 199 203 209 212 217 224 223 228 
54 55 58 64 74 83 90 99 105 111 114 119 125 128 133 139 143 150 152 156 160 168 172 177 178 183 188 194 196 200 203 208 209 215 221 221 228 233 234 
56 57 60 66 76 86 93 102 109 113 118 122 129 133 136 143 147 154 157 161 166 171 176 181 183 187 193 197 201 206 210 214 216 221 225 227 234 241 240 
58 59 62 68 78 89 95 105 112 116 122 127 132 136 141 146 151 157 161 165 170 175 180 187 188 194 198 204 205 212 216 220 225 227 234 235 239 247 245 
60 61 64 70 80 91 98 108 118 119 124 130 134 140 146 149 155 160 167 169 176 180 185 188 194 198 203 208 210 217 218 225 229 234 240 243 244 254 253 
62 63 66 72 82 94 101 110 122 122 127 133 138 145 149 155 159 164 170 175 179 184 190 196 200 203 208 216 215 225 225 231 237 239 246 249 253 261 258 
64 65 68 74 84 96 104 111 125 126 130 137 141 148 154 159 164 169 174 180 184 189 194 200 204 208 213 217 222 229 231 234 240 244 249 255 260 266 265 
66 67 70 76 86 99 106 114 127 130 134 140 146 152 158 163 168 173 179 184 189 195 199 205 208 214 218 224 227 236 236 242 247 251 256 258 262 268 271 
68 69 72 78 88 100 108 117 130 134 139 144 149 156 162 166 172 177 183 188 194 199 203 210 215 220 222 229 235 241 243 247 251 257 262 265 271 275 280 
70 71 74 80 90 104 111 120 133 137 143 147 154 160 164 171 178 182 188 193 199 205 208 214 218 225 228 233 241 244 248 255 257 264 267 273 279 281 286 
72 73 76 82 92 106 113 123 135 140 146 151 157 165 170 176 183 186 191 197 201 209 215 219 222 229 235 238 244 250 254 260 262 268 273 277 284 289 292 
74 75 78 84 94 108 116 126 138 142 150 154 162 169 173 178 184 189 196 200 207 213 219 224 228 233 239 244 248 255 261 268 270 273 278 285 289 295 298 
76 77 80 86 96 111 118 129 140 144 153 157 165 173 177 182 190 195 199 205 212 217 224 228 233 240 243 248 254 259 265 272 273 279 286 290 294 301 304 
78 79 82 88 98 113 121 131 143 148 157 162 167 176 181 186 194 199 203 210 216 222 228 232 240 245 251 257 259 263 271 280 282 286 293 296 300 305 313 
80 81 84 90 100 115 124 134 145 152 160 168 170 179 185 190 198 203 208 215 220 227 231 239 243 249 255 258 266 268 275 280 286 289 297 303 309 310 316 
