4 5 6 7 8 9 10 11 12 13 14 15 16 17 18 19 20 21 22 23 24 25 26 27 28 29 30 31 32 33 34 35 36 37 38 39 40 41 42 
6 7 9 10 12 13 14 15 16 17 18 19 20 21 22 23 24 25 26 27 28 29 30 31 32 33 34 35 36 37 38 39 40 41 42 43 44 45 46 
8 9 12 13 15 16 18 19 21 22 24 25 26 27 28 29 30 31 32 33 34 35 36 37 38 39 40 41 42 43 44 45 46 47 48 49 50 51 52 
10 11 14 16 18 20 22 23 25 26 28 29 31 32 34 35 37 38 39 41 42 43 44 45 46 47 48 49 50 51 52 53 54 55 56 57 58 59 60 
12 13 16 19 21 24 25 27 30 31 33 34 36 37 39 40 42 43 45 46 48 49 51 52 54 55 57 58 59 61 62 63 64 65 66 67 68 69 70 
14 15 18 22 24 28 29 31 34 35 37 39 42 43 44 46 48 49 51 52 54 55 57 58 60 61 63 64 66 67 69 70 72 73 74 76 77 79 80 
16 17 20 24 27 31 33 35 38 40 42 44 46 48 50 52 54 56 57 59 60 62 64 65 67 68 70 71 73 74 76 77 79 80 81 83 84 86 88 
18 19 22 27 30 34 36 39 42 44 46 48 51 53 55 57 59 61 64 65 67 69 71 72 74 75 77 79 80 82 82 85 86 88 89 91 93 94 96 
20 21 24 30 33 37 40 42 46 50 51 53 55 60 60 62 64 66 68 71 73 75 78 79 81 83 84 86 88 90 92 93 95 96 98 100 101 103 104 
22 23 26 32 36 40 44 46 50 55 56 57 61 65 66 68 71 72 75 76 79 81 83 85 88 90 92 94 95 98 100 101 103 105 107 108 110 111 114 
24 25 28 34 38 43 48 49 52 58 60 61 65 70 71 74 75 77 80 84 86 87 89 92 94 95 97 99 103 104 107 109 110 112 114 117 119 121 123 
26 27 30 36 41 46 52 54 56 61 63 67 69 75 77 79 80 83 87 90 92 94 96 99 102 102 104 106 110 110 112 115 117 120 122 125 126 129 131 
28 29 32 38 44 49 56 58 59 65 68 69 73 79 84 85 87 89 92 96 97 100 101 105 109 109 111 115 116 118 121 122 126 127 128 131 134 135 136 
30 31 34 40 46 51 58 61 64 67 72 75 77 85 90 91 93 94 97 100 101 106 106 110 113 118 119 122 124 126 129 131 134 136 138 140 141 143 145 
32 33 36 42 49 54 61 64 68 71 74 77 81 90 96 97 98 101 104 107 109 112 113 116 120 124 127 125 130 133 134 138 141 144 144 147 151 150 154 
34 35 38 44 52 57 64 66 72 74 79 83 86 94 100 101 104 106 109 111 115 118 120 122 126 130 132 133 136 140 142 144 146 152 154 157 159 161 163 
36 37 40 46 54 59 66 70 76 78 81 87 88 98 104 105 108 112 114 117 119 125 128 130 133 136 139 144 146 148 148 150 152 156 160 161 165 169 171 
38 39 42 48 56 62 69 75 79 82 84 91 95 102 108 110 114 118 119 122 124 131 133 134 138 141 147 150 153 156 157 157 161 164 168 171 173 175 177 
40 41 44 50 60 65 72 78 82 86 90 94 97 106 112 115 118 123 125 128 129 136 139 140 143 149 150 153 158 163 163 166 169 171 176 179 180 181 185 
42 43 46 52 62 67 74 81 85 89 93 96 102 110 116 118 122 127 129 133 135 141 145 147 151 155 159 162 164 165 167 172 177 180 183 187 188 188 195 
44 45 48 54 64 70 77 84 89 92 97 101 106 114 120 121 125 131 134 136 138 147 150 155 157 161 165 168 170 174 172 176 183 187 186 194 197 198 202 
46 47 50 56 66 73 80 87 93 97 102 104 110 117 124 125 130 134 137 141 144 153 156 160 163 167 170 174 177 180 183 186 189 193 195 200 201 206 206 
48 49 52 58 68 75 82 90 96 99 103 106 114 120 126 129 133 138 138 143 148 158 161 167 169 169 173 178 182 186 189 195 196 197 202 205 209 210 212 
50 51 54 60 70 78 85 93 99 104 108 113 117 123 132 133 136 142 144 149 156 163 165 172 173 177 180 183 187 192 194 198 200 205 210 213 216 221 222 
52 53 56 62 72 81 88 96 104 108 112 115 120 125 136 135 142 147 147 153 161 167 170 177 181 185 187 191 191 198 202 201 206 210 213 220 223 228 229 
54 55 58 64 74 83 90 99 108 113 116 118 126 130 140 137 144 152 150 159 166 172 174 179 185 190 193 195 200 204 209 210 212 217 219 224 226 236 238 
56 57 60 66 76 86 93 102 112 117 117 124 128 133 142 143 148 157 158 162 167 177 179 184 189 194 198 200 203 211 215 215 219 222 228 231 233 241 243 
58 59 62 68 78 88 96 104 116 121 126 129 132 136 144 146 151 157 162 165 173 179 184 185 193 199 204 206 208 214 219 220 225 230 233 237 238 245 248 
60 61 64 70 80 91 98 108 120 125 130 135 142 150 145 151 156 162 165 171 177 183 185 192 195 197 209 209 215 217 224 225 231 236 241 245 251 255 255 
62 63 66 72 82 93 101 110 122 128 131 136 145 155 148 153 158 165 170 176 179 188 188 196 201 202 208 216 219 223 231 231 238 241 247 249 257 263 264 
64 65 68 74 84 97 104 112 125 131 137 144 146 158 156 163 165 169 175 179 186 192 195 200 205 207 215 221 225 232 236 237 244 245 250 258 259 267 269 
66 67 70 76 86 99 106 114 128 134 141 145 152 162 160 164 169 176 180 184 190 192 199 203 209 214 221 222 231 237 240 247 249 254 255 263 266 270 276 
68 69 72 78 88 101 108 117 130 135 146 152 159 167 163 167 172 180 183 188 193 199 204 208 216 217 227 226 234 244 243 248 253 258 262 269 275 275 281 
70 71 74 80 90 103 111 121 133 140 150 154 162 172 176 181 183 185 191 195 201 202 209 214 219 223 230 236 241 247 253 258 259 264 267 273 281 284 288 
72 73 76 82 92 107 114 123 136 143 153 158 168 176 178 187 187 189 191 196 203 207 217 219 225 229 235 240 244 254 257 262 262 268 272 278 284 290 295 
74 75 78 84 94 109 116 126 138 146 156 164 171 182 185 196 196 199 196 202 206 213 218 225 231 235 240 243 250 263 261 270 273 277 281 286 292 296 298 
76 77 80 86 96 111 119 129 141 149 159 167 175 188 192 201 203 206 208 211 211 218 225 229 234 239 245 250 257 264 267 274 275 282 284 293 299 305 305 
78 79 82 88 98 113 122 131 143 152 162 171 179 192 199 206 208 211 212 215 217 222 229 235 240 244 248 254 260 267 272 277 280 286 292 298 305 310 312 
80 81 84 90 100 115 125 133 146 155 165 175 183 196 204 211 214 216 217 216 221 227 231 239 246 247 253 259 265 271 278 283 286 293 298 302 310 315 317 
