4 5 6 7 8 9 10 11 12 13 14 15 16 17 18 19 20 21 22 23 24 25 26 27 28 29 30 31 32 33 34 35 36 37 38 39 40 41 42 
6 7 9 10 12 13 14 15 16 17 18 19 20 21 22 23 24 25 26 27 28 29 30 31 32 33 34 35 36 37 38 39 40 41 42 43 44 45 46 
8 9 12 13 15 16 18 19 21 22 24 25 26 27 28 29 30 31 32 33 34 35 36 37 38 39 40 41 42 43 44 45 46 47 48 49 50 51 52 
10 11 14 16 18 20 22 23 25 26 28 29 31 32 34 35 37 38 40 41 42 43 44 45 46 47 48 49 50 51 52 53 54 55 56 57 58 59 60 
12 13 16 19 21 24 25 27 30 31 33 34 36 37 39 40 42 43 45 46 48 49 51 52 54 55 57 58 60 61 62 63 64 65 66 67 68 69 70 
14 15 18 22 24 28 29 31 34 35 37 39 42 43 45 46 48 49 51 52 54 55 57 58 60 61 63 64 66 67 69 70 72 73 74 76 78 79 80 
16 17 20 24 27 31 33 35 38 40 42 44 46 48 50 51 53 55 57 59 61 62 64 65 67 68 70 71 73 74 76 77 79 80 82 83 85 86 88 
18 19 22 27 30 34 36 39 42 44 46 49 50 52 54 57 60 61 63 65 67 69 71 72 74 76 77 79 80 82 84 85 86 88 89 91 93 94 96 
20 21 24 30 33 37 40 42 45 50 51 53 56 60 60 62 64 66 69 71 73 75 78 79 81 83 84 85 88 90 91 93 94 97 98 100 101 103 105 
22 23 26 32 36 40 44 46 50 55 56 57 61 65 66 68 71 71 75 76 80 81 83 85 88 90 92 94 95 98 100 101 104 104 106 107 109 111 114 
24 25 28 34 38 43 48 49 53 58 60 62 65 70 72 73 76 78 80 84 86 87 89 92 93 95 97 100 103 105 107 109 111 112 113 116 119 121 123 
26 27 30 36 41 46 52 54 56 61 63 67 69 75 77 80 80 82 87 90 92 94 96 98 101 103 105 108 110 111 114 116 117 120 122 125 127 129 131 
28 29 32 38 44 49 56 58 60 65 67 71 72 80 84 85 87 87 92 93 97 101 102 105 109 111 114 115 117 117 122 123 125 127 129 130 133 135 138 
30 31 34 40 46 51 58 61 63 68 72 74 78 85 90 91 93 95 98 101 103 107 108 112 115 118 120 123 124 125 129 130 133 136 138 139 142 143 145 
32 33 36 42 49 54 61 64 68 70 74 77 80 90 96 97 99 101 104 107 109 113 114 117 121 121 125 126 129 133 136 138 140 145 146 149 151 152 154 
34 35 38 44 52 57 64 67 72 75 79 83 85 94 100 101 104 106 108 113 114 119 121 124 127 130 132 136 136 138 140 144 147 152 154 157 159 161 163 
36 37 40 46 54 59 66 70 76 78 80 86 89 98 104 105 109 112 114 118 121 125 127 130 133 136 140 143 146 148 148 152 153 158 160 164 164 167 170 
38 39 42 48 57 62 68 75 79 83 85 90 94 102 108 109 114 118 120 123 127 131 133 136 136 143 147 150 153 156 158 160 163 165 167 168 173 173 178 
40 41 44 50 60 65 72 78 82 87 90 94 100 106 112 114 118 122 124 129 132 136 140 143 144 149 153 155 158 163 165 167 171 172 176 179 180 182 185 
42 43 46 52 62 67 74 81 86 89 94 96 104 110 115 116 122 128 131 134 135 140 145 149 151 154 159 161 166 169 170 171 178 181 186 185 189 188 194 
44 45 48 54 64 70 77 84 89 93 98 102 106 114 120 121 122 132 136 139 139 145 149 155 158 160 165 167 171 175 176 175 185 183 189 194 198 199 201 
46 47 50 56 66 73 80 87 93 97 101 103 109 113 124 126 129 137 140 144 145 153 155 161 161 165 168 173 177 181 184 184 192 194 196 196 202 205 208 
48 49 52 58 68 75 82 90 96 100 104 109 115 121 123 132 135 140 144 148 149 158 161 167 167 171 174 181 183 188 191 194 199 201 202 208 210 211 214 
50 51 54 60 70 78 85 93 99 104 107 111 118 126 132 132 136 144 148 153 154 162 166 172 177 177 179 186 188 192 196 201 205 208 209 213 216 219 222 
52 53 56 62 72 80 88 96 104 109 113 116 122 128 134 137 144 144 148 158 159 167 168 175 179 184 188 192 193 197 200 204 209 213 212 219 225 228 230 
54 55 58 64 74 83 90 99 108 112 117 120 127 132 137 140 146 151 153 160 164 170 174 182 186 187 193 198 201 206 210 211 215 219 218 223 229 235 238 
56 57 60 66 76 86 93 102 112 117 119 122 127 137 140 142 149 156 158 163 168 172 182 187 191 192 200 202 205 212 215 218 219 226 226 231 234 242 245 
58 59 62 68 78 88 96 105 116 121 126 127 132 141 139 150 151 160 163 166 171 182 182 188 196 196 206 207 210 216 217 222 226 229 233 237 244 249 249 
60 61 64 70 80 91 98 107 120 125 130 134 144 146 153 152 160 165 166 171 176 186 187 193 200 200 213 212 216 218 224 226 231 237 244 244 250 253 257 
62 63 66 72 82 93 101 110 122 128 134 137 148 153 159 159 161 167 172 174 180 187 192 196 202 205 218 220 219 223 228 230 235 241 248 250 257 262 265 
64 65 68 74 84 95 104 113 125 131 138 144 152 157 162 163 165 172 175 178 185 189 192 200 205 210 222 219 224 232 236 238 242 245 253 257 260 265 272 
66 67 70 76 86 99 106 114 128 134 142 148 156 162 163 169 176 180 179 185 189 193 198 204 212 214 227 224 230 235 240 248 250 252 255 265 269 273 278 
68 69 72 78 88 101 108 117 130 137 146 152 160 167 171 169 180 183 182 186 194 198 204 211 216 217 228 230 236 243 244 251 254 259 261 270 274 279 284 
70 71 74 80 90 103 111 120 133 140 150 152 162 172 178 182 187 190 193 194 199 205 209 216 220 223 232 234 243 249 253 255 257 262 271 274 281 285 289 
72 73 76 82 92 107 114 124 135 143 153 160 168 176 184 191 192 192 196 197 206 207 216 220 227 230 236 239 244 251 259 264 265 271 276 278 284 289 296 
74 75 78 84 94 109 117 126 138 145 156 164 172 183 188 196 197 200 197 200 207 212 218 224 229 235 241 244 251 257 263 271 273 274 284 284 292 294 298 
76 77 80 86 96 110 119 129 140 149 159 168 176 189 195 201 206 205 206 208 212 218 224 229 232 240 244 249 258 266 268 270 277 281 287 290 297 305 304 
78 79 82 88 98 113 122 132 143 152 162 172 179 195 199 206 214 217 220 227 226 231 232 236 239 244 250 256 263 269 271 281 282 285 293 297 304 308 316 
80 81 84 90 100 115 124 134 145 153 165 175 185 200 204 212 220 228 228 230 232 231 234 238 246 250 252 262 267 271 278 284 288 291 298 302 309 315 321 
