4 5 6 7 8 9 10 11 12 13 14 15 16 17 18 19 20 21 22 23 24 25 26 27 28 29 30 31 32 33 34 35 36 37 38 39 40 41 42 
6 7 9 10 12 13 14 15 16 17 18 19 20 21 22 23 24 25 26 27 28 29 30 31 32 33 34 35 36 37 38 39 40 41 42 43 44 45 46 
8 9 12 13 15 16 18 19 21 22 24 25 26 27 28 29 30 31 32 33 34 35 36 37 38 39 40 41 42 43 44 45 46 47 48 49 50 51 52 
10 11 14 16 18 20 22 23 25 26 28 29 31 32 34 35 37 38 40 41 42 43 44 45 46 47 48 49 50 51 52 53 54 55 56 57 58 59 60 
12 13 16 19 21 24 25 27 30 31 33 34 36 37 39 40 42 43 45 46 48 49 51 52 54 55 57 58 59 61 62 63 64 65 66 67 68 69 70 
14 15 18 22 24 28 29 31 34 35 37 39 42 43 45 46 48 49 51 52 54 55 57 58 60 61 63 64 66 67 69 70 71 73 75 76 78 79 80 
16 17 20 24 27 31 33 35 37 40 42 44 46 48 50 52 54 56 58 59 61 62 64 65 67 68 70 71 73 74 76 77 79 80 82 83 85 86 88 
18 19 22 26 30 34 36 39 41 45 46 48 51 53 55 57 60 61 63 65 67 69 72 73 75 76 77 79 81 82 84 85 87 88 90 91 93 94 96 
20 21 24 30 33 37 40 42 46 50 51 53 56 58 61 63 65 67 68 71 74 75 77 79 81 83 85 87 88 91 93 94 96 97 99 100 102 103 105 
22 23 26 32 36 40 44 46 49 55 56 58 61 65 66 68 70 71 74 76 80 81 84 86 88 90 92 93 96 98 100 101 104 105 107 109 111 113 115 
24 25 28 34 38 43 48 50 52 56 60 63 64 68 72 74 76 78 81 83 86 88 88 91 94 96 98 100 102 105 107 109 111 112 115 117 118 120 123 
26 27 30 36 41 46 52 54 55 59 64 67 70 72 78 79 81 83 86 89 92 94 96 98 101 105 106 109 109 111 112 116 117 121 122 124 127 129 131 
28 29 32 38 44 49 56 58 60 63 68 71 73 76 84 85 87 89 90 93 97 100 103 106 108 112 114 116 117 118 121 124 125 128 129 131 132 135 137 
30 31 34 40 46 51 58 61 63 66 71 75 78 85 90 91 93 96 98 100 103 106 109 111 114 118 120 123 124 126 127 131 134 136 138 140 143 144 145 
32 33 36 42 49 53 61 63 68 70 73 77 83 85 96 97 99 102 104 107 109 112 112 117 120 124 126 129 130 133 135 137 142 145 147 149 151 153 153 
34 35 38 44 51 56 64 66 70 75 78 83 84 89 100 101 103 105 109 111 116 118 122 124 126 130 133 136 140 141 140 142 146 151 155 157 159 161 162 
36 37 40 46 54 59 66 69 74 79 81 85 90 93 104 106 108 112 114 118 119 124 128 130 132 137 140 144 147 147 150 153 155 158 161 162 163 169 172 
38 39 42 48 57 61 69 72 79 83 86 89 96 100 108 110 113 118 121 122 127 129 134 135 137 140 146 149 153 156 159 161 164 167 169 172 174 176 178 
40 41 44 50 59 64 71 75 82 87 91 93 98 101 112 115 118 122 125 129 132 136 139 143 144 147 150 155 158 162 166 169 171 174 178 181 183 185 185 
42 43 46 52 61 67 73 78 86 90 93 98 103 104 116 118 123 126 129 134 137 140 145 148 151 152 158 161 165 169 168 171 175 180 185 189 192 194 194 
44 45 48 54 64 70 76 81 88 92 100 104 105 111 120 122 126 131 135 140 142 146 149 153 158 161 164 168 169 173 177 177 180 186 185 195 199 203 204 
46 47 50 56 66 72 79 84 92 97 104 106 108 115 123 126 132 136 139 143 147 152 156 160 164 164 168 174 178 182 185 187 189 193 197 200 204 209 211 
48 49 52 58 68 75 81 87 96 100 108 111 116 120 128 130 136 137 144 149 151 153 161 165 171 174 176 179 181 187 191 192 197 203 206 209 210 217 218 
50 51 54 60 70 78 84 90 100 105 112 118 122 127 129 136 140 142 148 153 157 160 165 172 176 181 183 185 188 192 197 199 205 209 213 216 220 222 226 
52 53 56 62 72 80 87 93 104 109 114 118 122 126 131 140 146 149 151 155 164 168 167 174 182 186 189 190 195 199 203 204 209 214 215 222 228 230 231 
54 55 58 64 74 81 90 96 108 112 116 121 126 128 132 141 148 152 152 158 169 171 177 177 186 190 190 197 200 205 209 209 214 219 220 228 230 233 236 
56 57 60 66 76 85 92 99 112 117 121 125 128 137 143 147 151 155 162 162 173 172 182 186 189 193 199 202 204 210 215 220 223 227 228 234 235 237 246 
58 59 62 68 78 87 95 101 116 121 125 132 139 139 142 152 156 159 164 167 174 178 185 186 195 201 203 203 211 211 221 220 224 231 235 242 245 246 252 
60 61 64 70 80 90 98 104 120 125 127 136 143 149 155 156 162 165 172 173 177 182 189 193 194 201 210 214 216 221 226 226 228 235 245 249 251 254 258 
62 63 66 72 82 93 100 108 122 128 134 138 146 155 158 164 163 168 177 176 181 185 192 194 203 203 209 221 225 227 234 235 237 244 247 251 257 262 267 
64 65 68 74 84 97 103 111 125 130 138 142 152 159 162 168 175 179 184 185 187 190 194 201 207 212 214 226 228 231 239 243 246 250 250 259 261 263 269 
66 67 70 76 86 98 106 113 122 133 142 148 151 164 166 173 179 184 188 195 196 196 199 204 208 214 221 232 237 237 237 250 254 258 261 265 269 274 277 
68 69 72 78 88 100 107 116 124 135 144 151 159 168 175 181 186 190 191 192 196 199 203 208 214 220 224 233 240 244 248 252 256 260 265 269 273 277 285 
70 71 74 80 90 103 111 120 128 139 148 155 163 171 179 187 193 197 200 203 206 204 207 215 221 227 229 235 240 248 256 257 262 265 266 272 279 287 290 
72 73 76 82 92 104 114 121 131 142 151 160 168 175 179 192 198 204 207 213 216 216 221 222 226 232 234 240 243 250 259 262 269 273 276 282 282 289 299 
74 75 78 84 94 107 116 125 133 143 156 163 172 178 191 197 202 210 215 218 215 219 221 223 228 235 238 247 249 256 263 270 273 277 281 286 291 295 302 
76 77 80 86 96 110 119 128 136 147 157 166 176 182 196 202 205 216 222 222 225 229 231 234 239 243 243 249 255 262 268 273 274 282 292 292 298 305 314 
78 79 82 88 98 111 121 130 140 150 162 168 180 189 201 207 215 220 227 229 228 234 235 239 241 245 250 253 262 267 273 279 282 285 294 298 301 309 317 
80 81 84 90 100 114 124 133 142 152 165 173 184 197 206 212 220 227 232 232 236 236 241 243 245 251 254 259 264 270 277 283 290 292 299 303 307 312 324 
