4 6 8 10 12 14 16 18 20 22 24 26 28 30 32 34 36 38 40 42 44 46 48 50 52 54 56 58 60 62 64 66 68 70 72 74 76 78 80 
6 9 12 15 18 21 24 27 30 33 36 39 42 45 48 51 54 57 60 63 66 69 72 75 78 81 84 87 90 93 96 99 102 105 108 111 114 117 120 
8 12 16 20 24 28 32 36 40 44 48 52 56 60 64 68 72 76 80 84 88 92 96 100 104 108 112 116 120 124 128 132 136 140 144 148 152 156 160 
10 15 20 25 29 33 37 41 45 49 53 57 61 65 69 73 77 81 85 89 93 97 101 105 109 113 117 121 125 129 133 137 141 145 149 153 157 161 165 
12 18 24 30 34 39 44 49 54 58 63 68 73 78 82 87 92 97 102 106 111 116 121 126 130 135 140 145 150 154 158 162 166 170 174 178 182 186 190 
14 21 28 35 39 45 51 57 63 68 74 79 85 91 96 102 107 112 117 121 126 131 136 141 145 150 155 160 165 169 174 179 184 189 193 198 203 208 213 
16 24 32 40 44 51 58 65 72 78 84 91 97 102 108 113 119 125 130 136 141 147 153 158 164 169 175 181 186 192 197 203 209 214 220 225 231 237 242 
18 27 36 45 49 57 65 73 81 88 94 101 107 114 120 126 133 139 146 152 158 165 171 178 184 190 197 203 210 215 221 226 232 238 243 249 254 260 266 
20 30 40 50 54 63 72 81 90 97 104 111 118 126 133 140 147 154 162 169 176 183 189 196 202 208 215 221 228 234 240 247 253 260 266 272 279 285 292 
22 33 44 55 59 68 78 88 97 106 114 122 130 138 146 154 162 169 177 184 191 198 205 213 220 227 234 241 249 256 263 270 277 285 292 299 306 313 321 
24 36 48 60 64 74 85 96 105 114 124 133 142 150 159 167 175 183 191 199 207 215 223 231 239 247 255 263 271 279 286 294 301 308 315 322 330 337 344 
26 39 52 65 69 80 92 102 112 123 133 144 153 162 171 180 189 197 206 215 224 233 241 250 259 267 275 283 291 299 307 315 323 331 339 347 355 363 371 
28 42 56 70 74 86 98 109 120 131 143 154 164 174 183 193 203 212 222 231 241 250 258 267 276 285 294 302 311 320 329 338 346 355 364 373 382 390 399 
30 45 60 75 79 92 105 116 127 139 152 164 175 186 196 207 217 227 237 247 256 266 275 285 295 304 314 323 333 343 352 361 370 379 388 397 405 414 423 
32 48 64 80 84 98 112 122 135 148 161 173 186 198 209 220 231 241 252 262 272 283 293 304 314 324 334 344 354 363 373 382 392 402 411 421 430 440 450 
34 51 68 85 89 103 117 129 142 156 170 183 196 209 222 233 244 256 267 278 289 300 312 322 332 343 353 364 374 384 395 405 416 426 436 447 457 468 477 
36 54 72 90 94 109 123 136 150 164 179 192 206 220 234 246 258 270 282 294 306 317 328 339 351 362 373 384 395 407 418 429 440 450 460 471 481 492 502 
38 57 76 95 99 115 129 142 157 173 187 201 216 231 246 260 272 285 298 310 322 334 346 358 370 382 394 406 417 428 439 450 462 473 484 495 506 518 529 
40 60 80 100 104 121 135 149 165 181 196 210 226 241 257 271 287 299 312 325 338 351 363 376 389 401 413 425 437 449 461 473 485 497 509 521 533 545 556 
42 63 84 105 109 127 141 156 172 189 204 219 236 252 267 283 299 314 327 341 355 368 381 394 407 420 432 445 458 471 484 496 509 521 533 545 557 569 581 
44 66 88 110 114 133 147 162 180 198 212 228 246 263 278 295 312 328 343 357 371 385 398 412 425 439 453 466 480 493 506 518 531 544 557 570 582 595 608 
46 69 92 115 119 138 152 169 187 205 221 238 256 273 289 306 324 341 358 373 387 401 416 430 445 459 473 486 500 514 527 541 554 568 582 595 609 622 635 
48 72 96 120 124 144 158 176 195 213 229 247 266 283 300 318 337 354 371 388 403 419 434 449 463 478 492 506 521 535 550 564 578 592 606 619 633 647 660 
50 75 100 125 129 150 164 182 202 220 237 256 276 293 311 330 349 366 384 403 420 436 451 466 482 497 512 527 542 558 572 586 601 615 630 644 658 673 687 
52 78 104 130 134 156 170 189 210 228 246 265 286 303 322 341 361 379 398 418 436 452 468 484 500 516 532 548 563 578 593 609 624 639 654 669 685 699 714 
54 81 108 135 139 162 176 196 217 235 254 274 295 313 332 353 372 391 411 432 450 469 486 503 520 536 552 568 584 600 616 632 648 663 679 694 709 724 739 
56 84 112 140 144 168 182 202 225 243 262 283 304 323 343 365 384 404 424 445 464 485 504 521 538 555 571 588 605 622 638 654 670 686 702 718 734 750 766 
58 87 116 145 149 173 187 209 232 250 271 293 313 333 354 376 396 416 438 458 479 500 521 539 556 574 592 609 626 643 660 676 693 710 727 744 760 777 793 
60 90 120 150 154 178 193 216 240 258 279 302 322 343 365 387 407 429 451 472 493 515 537 557 575 594 611 629 647 664 682 699 717 735 751 768 785 802 819 
62 93 124 155 159 183 199 222 246 265 287 311 331 353 376 398 419 441 464 485 507 530 552 573 594 612 631 649 668 686 704 722 740 757 775 793 810 828 845 
64 96 128 160 164 188 205 229 253 273 296 320 341 363 387 409 431 454 477 498 521 545 567 589 612 632 651 670 689 708 726 744 763 781 800 818 836 854 872 
66 99 132 165 169 193 211 236 260 280 304 329 350 373 397 420 442 466 489 512 535 559 582 605 629 651 671 690 710 729 748 767 786 806 824 843 861 879 898 
68 102 136 170 174 198 217 242 266 288 312 337 359 383 408 430 454 479 502 525 549 574 597 621 645 668 690 710 730 750 770 790 809 829 848 867 886 905 925 
70 105 140 175 179 203 222 249 273 295 321 346 368 393 419 441 466 491 514 538 564 588 612 636 661 685 709 731 752 772 792 812 832 852 872 892 912 932 951 
72 108 144 180 184 208 228 256 280 303 329 354 377 403 429 452 477 504 527 552 578 602 627 652 677 701 727 752 773 793 814 835 856 877 897 917 937 957 977 
74 111 148 185 189 213 234 262 286 310 337 362 386 413 439 463 489 515 539 565 592 616 642 668 693 718 744 770 793 815 836 858 879 900 921 941 962 983 1004 
76 114 152 190 194 218 240 269 293 318 346 371 396 423 449 474 501 527 552 578 606 630 657 684 709 735 762 787 813 837 859 880 902 923 945 967 988 1009 1030 
78 117 156 195 199 223 246 276 300 325 354 379 405 433 459 485 512 539 564 592 619 644 672 699 724 751 779 805 831 858 880 903 925 948 970 991 1013 1034 1056 
80 120 160 200 204 228 252 282 306 333 362 387 414 443 469 495 524 550 577 605 632 659 687 714 740 768 796 822 850 878 903 926 949 971 993 1016 1038 1061 1083 
