4 5 6 7 8 9 10 11 12 13 14 15 16 17 18 19 20 21 22 23 24 25 26 27 28 29 30 31 32 33 34 35 36 37 38 39 40 41 42
6 7 9 10 12 13 14 15 16 17 18 19 20 21 22 23 24 25 26 27 28 29 30 31 32 33 34 35 36 37 38 39 40 41 42 43 44 45 46
6 9 12 13 15 16 18 19 21 22 24 25 26 27 28 29 30 31 32 33 34 35 36 37 38 39 40 41 42 43 44 45 46 47 48 49 50 51 52
6 11 14 16 18 20 22 23 25 26 28 29 31 32 34 35 37 38 40 41 42 43 44 45 46 47 48 49 50 51 52 53 54 55 56 57 58 59 60
6 13 16 19 21 24 25 27 30 31 33 34 36 37 39 40 42 43 45 46 48 49 51 52 54 55 57 58 60 61 62 63 64 65 66 67 68 69 70
6 15 18 22 24 28 29 31 34 36 37 39 42 43 45 46 48 49 51 52 54 55 57 58 60 61 63 64 66 67 69 70 72 73 75 76 78 79 81
6 17 20 24 27 31 33 35 38 40 42 44 46 48 50 52 54 56 58 59 61 62 64 65 67 68 70 71 73 74 76 77 79 80 82 83 85 86 88
6 19 22 27 30 34 36 39 42 45 46 49 51 54 56 57 60 62 64 66 68 69 72 73 75 76 78 79 81 82 84 85 87 88 90 91 93 94 96
6 21 24 30 33 37 40 42 46 50 51 54 56 60 61 63 66 68 70 72 74 76 78 80 82 84 86 88 90 91 93 94 96 97 99 100 102 103 105
6 23 26 32 36 40 44 46 50 55 56 58 61 65 66 69 71 74 76 78 80 82 84 86 88 90 92 94 96 98 100 102 104 106 108 110 112 113 115
6 25 28 34 38 43 48 50 53 58 60 63 66 70 72 74 77 79 82 85 88 90 92 94 96 98 100 102 104 106 108 110 112 114 116 118 120 122 124
6 27 30 36 41 46 52 54 56 61 64 67 71 75 79 81 84 86 89 91 94 96 99 101 104 106 108 110 112 114 116 118 120 122 124 126 128 130 132
6 29 32 38 44 49 56 58 60 65 68 75 78 81 84 87 90 93 95 98 100 103 105 108 110 113 115 118 120 122 124 126 128 130 132 134 136 138 140
6 31 34 40 46 51 58 61 64 68 72 80 84 87 90 93 96 99 102 105 107 110 112 115 117 120 122 125 127 130 132 135 137 140 142 144 146 148 150
6 33 36 42 49 54 61 64 68 72 76 85 89 92 96 99 102 105 108 111 114 117 120 122 125 127 130 132 135 137 140 142 145 147 150 152 155 157 160
6 35 38 44 52 57 64 68 72 76 80 90 94 97 101 104 108 111 114 117 120 123 126 129 132 135 138 140 143 145 148 150 153 155 158 160 163 165 168
6 37 40 46 54 59 66 72 76 79 84 95 99 103 107 110 114 117 121 124 127 130 133 136 139 142 145 148 151 154 156 159 161 164 166 169 171 174 176
6 39 42 48 57 62 69 75 79 83 88 100 104 108 112 116 120 123 127 130 134 137 140 143 146 149 152 155 158 161 164 167 170 173 175 178 180 183 185
6 41 44 50 60 65 72 78 83 87 92 106 110 114 118 122 126 129 133 136 140 143 147 150 154 157 160 163 166 169 172 175 178 181 184 187 190 192 195
6 43 46 52 62 67 74 81 86 91 96 111 115 120 124 128 132 136 140 143 147 150 154 157 161 164 168 171 174 177 180 183 186 189 192 195 198 201 204
6 45 48 54 64 70 77 84 90 95 110 116 120 125 129 134 138 142 146 150 154 157 161 164 168 171 175 178 182 185 188 191 194 197 200 203 206 209 212
6 47 50 56 66 73 80 89 96 104 113 120 126 130 135 139 144 148 152 156 160 164 168 171 175 178 182 185 189 192 196 199 203 206 209 212 215 218 221
6 49 52 58 68 75 82 92 100 107 116 124 131 136 141 145 150 154 158 162 166 170 174 178 182 186 190 193 197 200 204 207 211 214 218 221 224 227 230
6 51 54 60 70 78 85 94 103 110 120 128 136 141 146 151 156 160 165 169 173 177 181 185 189 193 197 201 205 208 212 215 219 222 226 229 233 236 240
6 53 56 62 72 81 88 97 106 114 123 132 140 147 152 157 162 166 171 175 180 184 188 192 196 200 204 208 212 216 220 223 227 230 234 237 241 244 248
6 55 58 64 74 83 90 100 110 117 126 136 144 152 158 163 168 173 177 182 186 191 195 200 204 208 212 216 220 224 228 232 236 239 243 246 250 253 257
6 57 60 66 76 86 93 102 113 120 130 140 148 157 163 169 174 179 184 189 193 198 202 207 211 216 220 224 228 232 236 240 244 248 252 255 259 262 266
6 59 62 68 78 89 96 105 116 124 133 144 152 161 169 174 180 185 190 195 200 205 209 214 218 223 227 232 236 240 244 248 252 256 260 264 268 271 275
6 61 64 70 80 91 98 108 120 127 136 147 156 165 175 180 186 191 196 201 206 211 216 221 225 230 234 239 243 248 252 256 260 264 268 272 276 280 284
6 63 66 72 82 94 101 110 122 130 140 151 160 169 180 186 192 197 203 208 213 218 223 228 233 237 242 246 251 255 260 264 268 272 276 280 284 288 292
6 65 68 74 84 97 104 113 125 134 143 154 164 173 184 192 198 203 209 214 220 225 230 235 240 245 250 254 259 263 268 272 277 281 285 289 293 297 301
6 67 70 76 86 99 106 116 128 137 146 157 168 177 188 198 204 210 215 221 226 232 237 242 247 252 257 262 267 271 276 280 285 289 294 298 302 306 310
6 69 72 78 88 102 109 118 130 140 150 161 172 181 192 204 210 216 222 227 233 238 244 249 254 259 264 269 274 279 284 288 293 297 302 306 311 315 320
6 71 74 80 90 105 112 121 133 144 153 164 176 185 196 208 216 222 228 234 240 245 251 256 262 267 272 277 282 287 292 297 301 306 310 315 319 324 328
6 73 76 82 92 107 114 124 136 147 156 167 180 189 200 212 222 228 234 240 246 252 258 263 269 274 280 285 290 295 300 305 310 315 319 324 328 333 337
6 75 78 84 94 109 117 126 138 150 160 171 184 193 204 216 227 234 241 247 253 259 265 270 276 281 287 292 298 303 308 313 318 323 328 333 337 342 346
6 77 80 86 96 111 120 129 141 154 163 174 187 197 208 220 231 240 247 253 259 265 271 277 283 289 294 300 305 311 316 321 326 331 336 341 346 351 355
6 79 82 88 98 113 122 132 144 157 166 177 190 201 212 224 236 246 253 260 266 272 278 284 290 296 302 307 313 318 324 329 334 339 344 349 354 359 364
6 81 84 90 100 115 125 134 146 160 170 181 194 205 216 228 241 251 260 266 273 279 285 291 297 303 309 315 321 326 332 337 343 348 353 358 363 368 373
