4 5 6 7 8 9 10 11 12 13 14 15 16 17 18 19 20 21 22 23 24 25 26 27 28 29 30 31 32 33 34 35 36 37 38 39 40 41 42 
6 7 9 10 12 13 14 15 16 17 18 19 20 21 22 23 24 25 26 27 28 29 30 31 32 33 34 35 36 37 38 39 40 41 42 43 44 45 46 
8 9 12 13 15 16 18 19 21 22 24 25 26 27 28 29 30 31 32 33 34 35 36 37 38 39 40 41 42 43 44 45 46 47 48 49 50 51 52 
10 11 14 16 18 20 22 23 25 26 28 29 31 32 34 35 37 38 40 41 42 43 44 45 46 47 48 49 50 51 52 53 54 55 56 57 58 59 60 
12 13 16 19 21 24 25 27 30 31 33 34 36 37 39 40 42 43 45 46 48 49 51 52 54 55 57 58 60 61 62 63 64 65 66 67 68 69 70 
14 15 18 22 24 28 29 31 34 36 37 39 42 43 45 46 48 49 51 52 54 55 57 58 60 61 63 64 66 67 69 70 72 73 75 76 78 79 81 
16 17 20 24 27 31 33 35 38 40 42 44 46 48 50 52 54 56 58 59 61 62 64 65 67 68 70 71 73 74 76 77 79 80 82 83 85 86 88 
18 19 22 27 30 34 36 39 42 45 46 49 51 54 56 57 60 62 64 66 68 69 72 73 75 76 78 79 81 82 84 85 87 88 90 91 93 94 96 
20 21 24 30 33 37 40 42 46 50 51 54 56 60 61 63 66 68 70 72 74 76 78 80 82 84 86 87 90 91 93 94 96 97 99 100 102 103 105 
22 23 26 32 36 40 44 46 50 55 56 58 61 65 66 69 71 74 76 78 80 82 84 86 88 90 92 94 96 98 100 102 104 106 108 110 112 113 115 
24 25 28 34 38 43 48 50 53 58 60 63 66 70 72 74 77 79 82 84 87 89 91 93 96 98 100 102 104 106 108 110 112 114 116 118 120 122 123 
26 27 30 36 41 46 52 54 56 61 64 67 71 75 78 80 82 85 88 90 93 95 98 100 104 105 108 109 111 114 116 118 120 122 124 126 128 130 132 
28 29 32 38 44 49 56 58 60 65 68 72 76 80 84 86 88 91 94 96 100 102 104 107 110 112 114 117 119 121 123 126 128 130 132 134 136 138 140 
30 31 34 40 46 51 58 61 64 68 72 76 80 85 90 91 94 96 100 102 106 108 111 114 116 119 122 124 126 129 131 134 136 138 141 143 145 147 149 
32 33 36 42 49 54 61 64 68 72 76 81 84 90 96 97 99 102 106 108 112 115 117 120 123 126 130 131 134 137 139 142 144 146 149 151 153 156 158 
34 35 38 44 52 57 64 68 72 76 80 85 89 94 100 102 104 108 111 114 117 120 123 127 129 132 136 138 141 144 147 149 151 154 157 159 161 164 166 
36 37 40 46 54 59 66 72 76 79 84 90 94 98 104 107 110 113 116 120 123 127 130 133 136 139 143 145 148 151 153 157 159 162 165 167 170 173 175 
38 39 42 48 57 62 69 75 79 83 88 94 98 102 108 112 115 118 121 125 129 133 136 139 143 146 149 152 155 158 161 164 167 170 173 176 178 181 184 
40 41 44 50 60 65 72 78 83 87 92 98 103 106 112 117 120 123 127 131 134 139 142 146 149 152 155 159 162 165 168 171 174 178 181 184 187 189 192 
42 43 46 52 62 67 74 81 86 91 96 102 107 111 116 122 125 128 132 136 140 145 148 152 155 159 162 166 169 172 175 178 182 185 188 191 195 197 200 
44 45 48 54 64 70 77 84 90 95 100 106 112 116 120 126 130 133 137 141 146 150 155 158 161 165 169 173 176 179 182 186 189 192 196 199 203 206 208 
46 47 50 56 66 73 80 87 93 99 104 110 116 121 125 131 135 139 142 146 151 156 161 165 168 171 175 180 183 186 189 193 197 200 204 207 210 213 216 
48 49 52 58 68 75 82 90 97 103 108 114 120 126 130 136 140 145 147 152 156 162 166 170 174 178 181 186 189 193 197 200 204 208 211 214 218 221 224 
50 51 54 60 70 78 85 93 100 106 112 118 125 131 135 141 145 150 153 157 161 167 172 176 180 184 188 192 196 200 204 207 211 215 218 222 225 229 232 
52 53 56 62 72 81 88 96 104 110 116 122 130 135 140 146 150 156 158 162 166 172 177 181 186 190 194 198 202 207 211 214 218 222 226 229 233 236 240 
54 55 58 64 74 83 90 99 108 113 120 126 135 140 145 151 155 162 164 167 171 177 182 186 191 196 200 204 209 213 217 221 225 229 233 237 240 244 248 
56 57 60 66 76 86 93 102 112 117 124 130 140 144 150 156 160 168 170 173 176 182 187 191 197 202 206 211 215 219 224 228 232 236 241 244 247 251 256 
58 59 62 68 78 89 96 105 116 121 128 134 144 149 155 161 165 173 176 179 182 187 192 196 202 207 212 217 222 226 230 234 238 243 248 251 255 259 263 
60 61 64 70 80 91 98 108 120 125 132 138 148 154 160 166 170 178 181 184 188 192 197 202 207 212 218 223 228 232 236 241 245 250 254 259 262 266 270 
62 63 66 72 82 94 101 110 122 128 135 142 152 158 165 171 175 183 187 190 193 197 202 207 213 217 223 229 234 238 242 247 252 257 261 266 270 273 278 
64 65 68 74 84 97 104 113 125 131 139 146 156 162 169 176 180 188 193 196 199 203 207 212 218 223 229 235 240 244 249 253 259 264 268 273 277 280 285 
66 67 70 76 86 99 106 116 128 134 142 150 160 166 174 181 185 193 199 202 205 208 213 217 224 229 234 240 245 250 255 260 265 270 275 280 284 288 293 
68 69 72 78 88 102 109 118 130 137 146 154 164 170 178 186 190 198 205 208 211 214 219 223 229 235 239 246 251 256 261 266 272 277 282 287 291 295 300 
70 71 74 80 90 105 112 121 133 140 150 158 168 175 183 191 195 203 211 214 217 220 224 229 234 240 245 251 257 262 267 272 278 284 289 293 298 302 307 
72 73 76 82 92 107 114 124 136 143 153 162 172 180 188 196 200 208 216 220 223 226 230 235 239 246 251 256 262 268 273 279 284 290 295 300 305 309 314 
74 75 78 84 94 109 117 126 138 146 156 166 176 185 192 200 205 213 222 225 228 232 236 241 245 252 257 262 267 273 279 285 290 296 301 306 312 316 321 
76 77 80 86 96 111 120 129 141 149 160 170 180 190 196 204 210 218 228 231 234 237 242 246 251 257 263 268 273 279 285 291 297 302 307 312 319 323 328 
78 79 82 88 98 113 122 132 144 152 164 173 184 195 201 208 215 223 234 237 240 243 247 252 256 262 269 274 279 285 291 297 303 308 314 319 325 330 335 
80 81 84 90 100 115 125 134 146 155 167 176 188 200 206 213 220 228 240 243 245 249 252 257 262 267 274 279 285 291 297 303 309 314 320 326 331 337 342 
