12 12 12 12 12 12 12 12 12 12 12 12 12 12 12 12 12 12 12 12 12 12 12 12 12 12 12 12 12 12 12 12 12 12 12 12 12 12 12
0 18 18 18 18 18 18 18 18 18 18 18 18 18 18 18 18 18 18 18 18 18 18 18 18 18 18 18 18 18 18 18 18 18 18 18 18 18 18
0 0 24 24 24 24 24 24 24 24 24 24 24 24 24 24 24 24 24 24 24 24 24 24 24 24 24 24 24 24 24 24 24 24 24 24 24 24 24
0 0 0 30 30 30 30 30 30 30 30 30 30 30 30 30 30 30 30 30 30 30 30 30 30 30 30 30 30 30 30 30 30 30 30 30 30 30 30
0 0 0 0 35 40 45 50 55 60 65 70 75 80 85 90 95 100 105 110 115 120 125 130 135 140 145 150 155 160 165 170 175 180 185 190 195 200 205
0 0 0 0 0 46 52 58 64 70 75 81 87 93 99 105 110 116 122 128 134 140 145 151 157 163 169 175 180 186 192 198 204 210 215 220 225 230 235
0 0 0 0 0 0 59 66 73 80 85 92 99 106 113 120 125 133 140 145 151 157 163 169 175 180 186 192 198 204 210 215 221 227 233 239 245 250 256
0 0 0 0 0 0 0 74 82 90 95 102 109 116 123 130 137 146 153 160 166 173 180 186 193 200 206 213 220 226 233 240 246 253 260 266 273 280 286
0 0 0 0 0 0 0 0 95 100 105 112 120 127 135 142 150 161 168 176 183 191 198 206 213 221 228 236 243 251 258 266 273 281 288 296 303 310 316
0 0 0 0 0 0 0 0 0 110 115 122 130 138 147 155 163 176 185 193 201 210 218 226 235 243 251 258 266 273 281 288 296 303 311 318 326 333 341
0 0 0 0 0 0 0 0 0 0 125 132 141 150 158 167 176 192 201 210 220 228 236 245 253 261 270 278 286 295 303 311 320 328 336 345 353 361 370
0 0 0 0 0 0 0 0 0 0 0 142 152 161 170 180 189 208 217 226 235 244 254 263 272 281 290 299 309 318 327 336 345 354 364 373 382 391 400
0 0 0 0 0 0 0 0 0 0 0 0 162 172 182 192 202 222 232 242 252 262 272 282 292 302 312 322 332 342 352 362 371 380 389 398 407 417 426
0 0 0 0 0 0 0 0 0 0 0 0 0 184 195 205 216 237 248 259 269 280 291 302 313 324 334 344 354 364 374 384 394 404 414 424 434 444 454
0 0 0 0 0 0 0 0 0 0 0 0 0 0 208 218 230 252 264 276 287 299 310 321 332 343 353 364 375 386 397 408 418 429 440 451 462 473 483
0 0 0 0 0 0 0 0 0 0 0 0 0 0 0 231 244 268 280 293 304 316 328 339 351 363 374 386 398 409 421 433 444 456 468 478 489 500 511
0 0 0 0 0 0 0 0 0 0 0 0 0 0 0 0 258 283 296 308 321 333 346 358 371 383 396 408 421 433 445 457 468 480 492 503 515 527 538
0 0 0 0 0 0 0 0 0 0 0 0 0 0 0 0 0 298 311 325 338 351 365 378 391 405 417 430 442 455 467 480 492 505 517 530 542 555 567
0 0 0 0 0 0 0 0 0 0 0 0 0 0 0 0 0 0 327 341 356 370 384 397 411 424 437 451 464 477 491 504 517 531 544 557 571 584 596
0 0 0 0 0 0 0 0 0 0 0 0 0 0 0 0 0 0 0 358 373 387 402 416 430 444 458 472 487 501 515 529 543 557 570 583 597 610 623
0 0 0 0 0 0 0 0 0 0 0 0 0 0 0 0 0 0 0 0 390 405 420 435 450 465 480 495 510 524 538 552 567 581 595 609 623 637 652
0 0 0 0 0 0 0 0 0 0 0 0 0 0 0 0 0 0 0 0 0 423 438 454 470 486 501 516 531 546 561 576 591 606 621 636 651 666 681
0 0 0 0 0 0 0 0 0 0 0 0 0 0 0 0 0 0 0 0 0 0 457 474 490 506 521 537 553 569 585 601 616 632 648 663 678 693 708
0 0 0 0 0 0 0 0 0 0 0 0 0 0 0 0 0 0 0 0 0 0 0 492 509 526 542 559 576 592 609 625 641 657 673 689 705 720 736
0 0 0 0 0 0 0 0 0 0 0 0 0 0 0 0 0 0 0 0 0 0 0 0 529 546 564 581 598 615 632 648 665 682 698 715 732 748 765
0 0 0 0 0 0 0 0 0 0 0 0 0 0 0 0 0 0 0 0 0 0 0 0 0 567 585 602 620 637 655 672 690 707 725 742 760 777 793
0 0 0 0 0 0 0 0 0 0 0 0 0 0 0 0 0 0 0 0 0 0 0 0 0 0 605 624 642 660 679 697 715 733 751 768 786 803 821
0 0 0 0 0 0 0 0 0 0 0 0 0 0 0 0 0 0 0 0 0 0 0 0 0 0 0 646 665 684 703 721 740 758 776 795 813 831 850
0 0 0 0 0 0 0 0 0 0 0 0 0 0 0 0 0 0 0 0 0 0 0 0 0 0 0 0 687 706 726 745 764 783 802 821 841 860 879
0 0 0 0 0 0 0 0 0 0 0 0 0 0 0 0 0 0 0 0 0 0 0 0 0 0 0 0 0 729 749 769 789 809 829 848 868 887 906
0 0 0 0 0 0 0 0 0 0 0 0 0 0 0 0 0 0 0 0 0 0 0 0 0 0 0 0 0 0 773 794 814 834 854 874 894 914 934
0 0 0 0 0 0 0 0 0 0 0 0 0 0 0 0 0 0 0 0 0 0 0 0 0 0 0 0 0 0 0 817 838 859 880 901 921 942 963
0 0 0 0 0 0 0 0 0 0 0 0 0 0 0 0 0 0 0 0 0 0 0 0 0 0 0 0 0 0 0 0 863 884 906 928 949 970 991
0 0 0 0 0 0 0 0 0 0 0 0 0 0 0 0 0 0 0 0 0 0 0 0 0 0 0 0 0 0 0 0 0 910 932 954 976 997 1019
0 0 0 0 0 0 0 0 0 0 0 0 0 0 0 0 0 0 0 0 0 0 0 0 0 0 0 0 0 0 0 0 0 0 958 980 1003 1025 1048
0 0 0 0 0 0 0 0 0 0 0 0 0 0 0 0 0 0 0 0 0 0 0 0 0 0 0 0 0 0 0 0 0 0 0 1007 1030 1053 1076
0 0 0 0 0 0 0 0 0 0 0 0 0 0 0 0 0 0 0 0 0 0 0 0 0 0 0 0 0 0 0 0 0 0 0 0 1057 1080 1104
0 0 0 0 0 0 0 0 0 0 0 0 0 0 0 0 0 0 0 0 0 0 0 0 0 0 0 0 0 0 0 0 0 0 0 0 0 1108 1132
0 0 0 0 0 0 0 0 0 0 0 0 0 0 0 0 0 0 0 0 0 0 0 0 0 0 0 0 0 0 0 0 0 0 0 0 0 0 1161
