3 0 0 0 0 0 0 0 0 0 0 0 0 0 0 0 0 0 0 0 0 0 0 0 0 0 0 0 0 0 0 0 0 0 0 0 0 0 0 
4 6 0 0 0 0 0 0 0 0 0 0 0 0 0 0 0 0 0 0 0 0 0 0 0 0 0 0 0 0 0 0 0 0 0 0 0 0 0 
5 7 9 0 0 0 0 0 0 0 0 0 0 0 0 0 0 0 0 0 0 0 0 0 0 0 0 0 0 0 0 0 0 0 0 0 0 0 0 
6 8 10 12 0 0 0 0 0 0 0 0 0 0 0 0 0 0 0 0 0 0 0 0 0 0 0 0 0 0 0 0 0 0 0 0 0 0 0 
7 9 12 14 16 0 0 0 0 0 0 0 0 0 0 0 0 0 0 0 0 0 0 0 0 0 0 0 0 0 0 0 0 0 0 0 0 0 0 
8 10 13 15 18 21 0 0 0 0 0 0 0 0 0 0 0 0 0 0 0 0 0 0 0 0 0 0 0 0 0 0 0 0 0 0 0 0 0 
9 11 14 17 19 22 24 0 0 0 0 0 0 0 0 0 0 0 0 0 0 0 0 0 0 0 0 0 0 0 0 0 0 0 0 0 0 0 0 
10 12 15 18 21 24 26 29 0 0 0 0 0 0 0 0 0 0 0 0 0 0 0 0 0 0 0 0 0 0 0 0 0 0 0 0 0 0 0 
11 13 16 20 22 25 28 31 34 0 0 0 0 0 0 0 0 0 0 0 0 0 0 0 0 0 0 0 0 0 0 0 0 0 0 0 0 0 0 
12 14 17 21 24 27 30 33 36 39 0 0 0 0 0 0 0 0 0 0 0 0 0 0 0 0 0 0 0 0 0 0 0 0 0 0 0 0 0 
13 15 18 22 25 28 32 36 39 42 45 0 0 0 0 0 0 0 0 0 0 0 0 0 0 0 0 0 0 0 0 0 0 0 0 0 0 0 0 
14 16 19 23 27 30 33 37 40 44 48 52 0 0 0 0 0 0 0 0 0 0 0 0 0 0 0 0 0 0 0 0 0 0 0 0 0 0 0 
15 17 20 24 28 31 35 39 42 45 49 53 56 0 0 0 0 0 0 0 0 0 0 0 0 0 0 0 0 0 0 0 0 0 0 0 0 0 0 
16 18 21 25 30 33 36 40 44 47 51 55 58 61 0 0 0 0 0 0 0 0 0 0 0 0 0 0 0 0 0 0 0 0 0 0 0 0 0 
17 19 22 26 31 34 38 42 46 50 53 57 60 64 67 0 0 0 0 0 0 0 0 0 0 0 0 0 0 0 0 0 0 0 0 0 0 0 0 
18 20 23 27 32 36 39 43 47 51 55 59 63 67 70 74 0 0 0 0 0 0 0 0 0 0 0 0 0 0 0 0 0 0 0 0 0 0 0 
19 21 24 28 33 37 41 45 49 53 57 61 65 69 73 77 81 0 0 0 0 0 0 0 0 0 0 0 0 0 0 0 0 0 0 0 0 0 0 
20 22 25 29 34 39 42 46 51 55 59 63 67 72 76 80 84 88 0 0 0 0 0 0 0 0 0 0 0 0 0 0 0 0 0 0 0 0 0 
21 23 26 30 35 40 44 48 52 56 61 66 70 74 79 84 88 92 96 0 0 0 0 0 0 0 0 0 0 0 0 0 0 0 0 0 0 0 0 
22 24 27 31 36 42 45 49 54 59 63 67 72 77 80 85 90 95 100 105 0 0 0 0 0 0 0 0 0 0 0 0 0 0 0 0 0 0 0 
23 25 28 32 37 43 47 51 55 60 65 69 73 78 82 87 91 96 101 106 108 0 0 0 0 0 0 0 0 0 0 0 0 0 0 0 0 0 0 
24 26 29 33 38 44 48 52 57 62 66 71 75 80 84 89 93 98 103 108 110 113 0 0 0 0 0 0 0 0 0 0 0 0 0 0 0 0 0 
25 27 30 34 39 45 49 54 58 63 68 72 77 82 87 91 95 100 105 110 113 116 120 0 0 0 0 0 0 0 0 0 0 0 0 0 0 0 0 
26 28 31 35 40 46 51 55 60 65 70 74 79 84 89 93 97 102 107 112 115 118 122 127 0 0 0 0 0 0 0 0 0 0 0 0 0 0 0 
27 29 32 36 41 47 53 57 61 66 71 76 80 86 91 96 100 104 109 113 117 121 125 130 136 0 0 0 0 0 0 0 0 0 0 0 0 0 0 
28 30 33 37 42 48 54 58 63 68 73 78 83 87 93 98 103 107 112 116 121 126 130 134 142 146 0 0 0 0 0 0 0 0 0 0 0 0 0 
29 31 34 38 43 49 55 59 64 69 74 80 84 89 94 100 105 109 115 119 124 129 136 139 146 151 156 0 0 0 0 0 0 0 0 0 0 0 0 
30 32 35 39 44 50 56 61 66 71 76 81 86 91 96 101 107 111 117 121 127 132 139 142 150 155 160 165 0 0 0 0 0 0 0 0 0 0 0 
31 33 36 40 45 51 57 63 67 72 78 84 88 93 98 103 109 112 119 124 128 134 142 145 154 160 165 170 175 0 0 0 0 0 0 0 0 0 0 
32 34 37 41 46 52 59 64 69 74 79 85 90 95 100 105 110 115 121 126 130 136 144 148 156 162 168 174 180 186 0 0 0 0 0 0 0 0 0 
33 35 38 42 47 53 60 66 70 75 80 86 91 97 102 107 112 117 122 128 131 138 145 151 157 163 169 175 181 187 189 0 0 0 0 0 0 0 0 
34 36 39 43 48 54 61 67 71 77 82 88 93 98 104 109 114 119 124 130 134 140 147 153 159 165 171 177 183 189 191 194 0 0 0 0 0 0 0 
35 37 40 44 49 55 62 68 73 78 83 90 95 100 106 111 116 121 126 132 137 142 148 155 161 167 173 180 186 192 194 197 200 0 0 0 0 0 0 
36 38 41 45 50 56 63 69 74 80 85 91 97 103 108 113 118 124 128 133 139 144 150 158 164 170 176 182 188 194 196 199 203 207 0 0 0 0 0 
37 39 42 46 51 57 64 71 76 81 87 93 99 105 110 114 120 125 131 136 141 147 153 160 166 172 178 184 190 196 199 202 206 210 213 0 0 0 0 
38 40 43 47 52 58 65 72 78 83 88 94 101 107 112 117 123 128 133 137 144 149 156 161 167 174 180 186 192 198 201 204 209 213 217 221 0 0 0 
39 41 44 48 53 59 66 73 78 84 90 96 102 108 114 119 125 130 135 139 145 151 158 163 169 175 181 187 193 199 203 207 212 216 221 225 228 0 0 
40 42 45 49 54 60 67 75 80 86 91 97 104 110 116 122 128 133 138 142 148 154 160 165 171 177 183 189 195 202 206 210 214 219 224 228 232 236 0 
41 43 46 50 55 61 68 76 82 87 93 99 105 112 117 124 130 135 140 145 150 155 162 167 173 179 185 191 197 204 208 212 217 222 227 231 235 240 244 
