4 0 0 0 0 0 0 0 0 0 0 0 0 0 0 0 0 0 0 0 0 0 0 0 0 0 0 0 0 0 0 0 0 0 0 0 0 0 0 
6 8 0 0 0 0 0 0 0 0 0 0 0 0 0 0 0 0 0 0 0 0 0 0 0 0 0 0 0 0 0 0 0 0 0 0 0 0 0 
8 10 13 0 0 0 0 0 0 0 0 0 0 0 0 0 0 0 0 0 0 0 0 0 0 0 0 0 0 0 0 0 0 0 0 0 0 0 0 
10 12 16 20 0 0 0 0 0 0 0 0 0 0 0 0 0 0 0 0 0 0 0 0 0 0 0 0 0 0 0 0 0 0 0 0 0 0 0 
12 14 18 22 26 0 0 0 0 0 0 0 0 0 0 0 0 0 0 0 0 0 0 0 0 0 0 0 0 0 0 0 0 0 0 0 0 0 0 
14 16 21 25 29 33 0 0 0 0 0 0 0 0 0 0 0 0 0 0 0 0 0 0 0 0 0 0 0 0 0 0 0 0 0 0 0 0 0 
16 18 24 28 32 37 42 0 0 0 0 0 0 0 0 0 0 0 0 0 0 0 0 0 0 0 0 0 0 0 0 0 0 0 0 0 0 0 0 
18 20 26 30 36 40 45 49 0 0 0 0 0 0 0 0 0 0 0 0 0 0 0 0 0 0 0 0 0 0 0 0 0 0 0 0 0 0 0 
20 22 28 33 39 44 50 54 60 0 0 0 0 0 0 0 0 0 0 0 0 0 0 0 0 0 0 0 0 0 0 0 0 0 0 0 0 0 0 
22 24 30 36 42 47 53 59 64 69 0 0 0 0 0 0 0 0 0 0 0 0 0 0 0 0 0 0 0 0 0 0 0 0 0 0 0 0 0 
24 26 32 38 45 50 57 64 68 74 80 0 0 0 0 0 0 0 0 0 0 0 0 0 0 0 0 0 0 0 0 0 0 0 0 0 0 0 0 
26 28 34 41 48 53 60 67 72 80 86 92 0 0 0 0 0 0 0 0 0 0 0 0 0 0 0 0 0 0 0 0 0 0 0 0 0 0 0 
28 30 36 44 50 56 64 70 77 84 91 98 105 0 0 0 0 0 0 0 0 0 0 0 0 0 0 0 0 0 0 0 0 0 0 0 0 0 0 
30 32 38 46 53 60 67 73 80 88 96 104 112 120 0 0 0 0 0 0 0 0 0 0 0 0 0 0 0 0 0 0 0 0 0 0 0 0 0 
32 34 40 49 56 63 70 77 85 92 99 107 115 123 127 0 0 0 0 0 0 0 0 0 0 0 0 0 0 0 0 0 0 0 0 0 0 0 0 
34 36 42 52 58 66 73 80 90 96 102 110 118 126 132 138 0 0 0 0 0 0 0 0 0 0 0 0 0 0 0 0 0 0 0 0 0 0 0 
36 38 44 54 61 69 77 85 94 101 108 114 123 132 137 143 149 0 0 0 0 0 0 0 0 0 0 0 0 0 0 0 0 0 0 0 0 0 0 
38 40 46 57 64 72 81 89 98 106 114 119 127 135 141 148 154 161 0 0 0 0 0 0 0 0 0 0 0 0 0 0 0 0 0 0 0 0 0 
40 42 48 60 66 75 84 93 102 111 120 125 131 139 146 153 159 167 174 0 0 0 0 0 0 0 0 0 0 0 0 0 0 0 0 0 0 0 0 
42 44 50 62 69 78 87 96 106 116 126 131 136 143 150 157 164 173 180 184 0 0 0 0 0 0 0 0 0 0 0 0 0 0 0 0 0 0 0 
44 46 52 64 72 81 90 100 110 121 132 137 142 147 155 161 169 179 186 188 191 0 0 0 0 0 0 0 0 0 0 0 0 0 0 0 0 0 0 
46 48 54 66 74 84 93 103 112 123 134 140 146 152 159 165 174 185 189 193 198 203 0 0 0 0 0 0 0 0 0 0 0 0 0 0 0 0 0 
48 50 56 68 77 87 97 106 115 127 138 145 151 157 163 169 177 188 194 198 202 211 216 0 0 0 0 0 0 0 0 0 0 0 0 0 0 0 0 
50 52 58 70 80 90 100 109 118 130 141 148 155 162 167 172 180 190 197 202 208 217 222 229 0 0 0 0 0 0 0 0 0 0 0 0 0 0 0 
52 54 60 72 82 92 104 112 122 133 144 152 159 167 174 180 185 193 200 207 215 221 228 236 243 0 0 0 0 0 0 0 0 0 0 0 0 0 0 
54 56 62 74 85 95 108 116 125 137 148 156 163 171 178 185 190 197 206 213 220 229 235 242 250 257 0 0 0 0 0 0 0 0 0 0 0 0 0 
56 58 64 76 88 98 112 120 129 140 151 159 167 176 182 189 195 204 212 219 226 234 242 249 257 264 272 0 0 0 0 0 0 0 0 0 0 0 0 
58 60 66 78 90 100 114 123 132 144 154 163 171 180 187 193 200 209 217 225 233 241 247 256 264 272 279 285 0 0 0 0 0 0 0 0 0 0 0 
60 62 68 80 93 103 117 126 136 147 158 167 175 185 191 198 205 214 222 230 239 246 254 262 270 278 286 295 301 0 0 0 0 0 0 0 0 0 0 
0 0 0 0 0 0 0 0 0 0 0 0 0 0 0 0 0 0 0 0 0 0 0 0 0 0 0 0 0 0 0 0 0 0 0 0 0 0 0 
0 0 0 0 0 0 0 0 0 0 0 0 0 0 0 0 0 0 0 0 0 0 0 0 0 0 0 0 0 0 0 0 0 0 0 0 0 0 0 
0 0 0 0 0 0 0 0 0 0 0 0 0 0 0 0 0 0 0 0 0 0 0 0 0 0 0 0 0 0 0 0 0 0 0 0 0 0 0 
0 0 0 0 0 0 0 0 0 0 0 0 0 0 0 0 0 0 0 0 0 0 0 0 0 0 0 0 0 0 0 0 0 0 0 0 0 0 0 
0 0 0 0 0 0 0 0 0 0 0 0 0 0 0 0 0 0 0 0 0 0 0 0 0 0 0 0 0 0 0 0 0 0 0 0 0 0 0 
0 0 0 0 0 0 0 0 0 0 0 0 0 0 0 0 0 0 0 0 0 0 0 0 0 0 0 0 0 0 0 0 0 0 0 0 0 0 0 
0 0 0 0 0 0 0 0 0 0 0 0 0 0 0 0 0 0 0 0 0 0 0 0 0 0 0 0 0 0 0 0 0 0 0 0 0 0 0 
0 0 0 0 0 0 0 0 0 0 0 0 0 0 0 0 0 0 0 0 0 0 0 0 0 0 0 0 0 0 0 0 0 0 0 0 0 0 0 
0 0 0 0 0 0 0 0 0 0 0 0 0 0 0 0 0 0 0 0 0 0 0 0 0 0 0 0 0 0 0 0 0 0 0 0 0 0 0 
0 0 0 0 0 0 0 0 0 0 0 0 0 0 0 0 0 0 0 0 0 0 0 0 0 0 0 0 0 0 0 0 0 0 0 0 0 0 0 
