4 0 0 0 0 0 0 0 0 0 0 0 0 0 0 0 0 0 0 0 0 0 0 0 0 0 0 0 0 0 0 0 0 0 0 0 0 0 0 
6 9 0 0 0 0 0 0 0 0 0 0 0 0 0 0 0 0 0 0 0 0 0 0 0 0 0 0 0 0 0 0 0 0 0 0 0 0 0 
8 12 15 0 0 0 0 0 0 0 0 0 0 0 0 0 0 0 0 0 0 0 0 0 0 0 0 0 0 0 0 0 0 0 0 0 0 0 0 
10 15 18 22 0 0 0 0 0 0 0 0 0 0 0 0 0 0 0 0 0 0 0 0 0 0 0 0 0 0 0 0 0 0 0 0 0 0 0 
12 18 21 26 31 0 0 0 0 0 0 0 0 0 0 0 0 0 0 0 0 0 0 0 0 0 0 0 0 0 0 0 0 0 0 0 0 0 0 
14 21 24 30 36 42 0 0 0 0 0 0 0 0 0 0 0 0 0 0 0 0 0 0 0 0 0 0 0 0 0 0 0 0 0 0 0 0 0 
16 24 27 33 39 45 51 0 0 0 0 0 0 0 0 0 0 0 0 0 0 0 0 0 0 0 0 0 0 0 0 0 0 0 0 0 0 0 0 
18 27 30 37 43 49 55 61 0 0 0 0 0 0 0 0 0 0 0 0 0 0 0 0 0 0 0 0 0 0 0 0 0 0 0 0 0 0 0 
20 30 33 41 47 54 60 67 74 0 0 0 0 0 0 0 0 0 0 0 0 0 0 0 0 0 0 0 0 0 0 0 0 0 0 0 0 0 0 
22 33 36 45 51 58 65 72 79 86 0 0 0 0 0 0 0 0 0 0 0 0 0 0 0 0 0 0 0 0 0 0 0 0 0 0 0 0 0 
24 36 39 48 55 63 70 78 84 92 98 0 0 0 0 0 0 0 0 0 0 0 0 0 0 0 0 0 0 0 0 0 0 0 0 0 0 0 0 
26 39 42 52 59 67 75 83 92 99 106 113 0 0 0 0 0 0 0 0 0 0 0 0 0 0 0 0 0 0 0 0 0 0 0 0 0 0 0 
28 42 45 56 63 72 80 88 97 104 112 119 126 0 0 0 0 0 0 0 0 0 0 0 0 0 0 0 0 0 0 0 0 0 0 0 0 0 0 
30 45 48 60 67 77 85 94 103 110 119 125 134 141 0 0 0 0 0 0 0 0 0 0 0 0 0 0 0 0 0 0 0 0 0 0 0 0 0 
32 48 51 63 71 82 90 99 109 116 124 132 140 148 156 0 0 0 0 0 0 0 0 0 0 0 0 0 0 0 0 0 0 0 0 0 0 0 0 
34 51 54 66 75 87 95 104 114 122 130 138 147 156 163 172 0 0 0 0 0 0 0 0 0 0 0 0 0 0 0 0 0 0 0 0 0 0 0 
36 54 57 69 78 90 99 109 120 127 136 145 153 162 171 179 188 0 0 0 0 0 0 0 0 0 0 0 0 0 0 0 0 0 0 0 0 0 0 
38 57 60 72 82 95 104 114 125 133 142 151 160 170 179 188 196 205 0 0 0 0 0 0 0 0 0 0 0 0 0 0 0 0 0 0 0 0 0 
40 60 63 75 86 100 109 119 129 138 148 158 168 177 186 195 204 213 222 0 0 0 0 0 0 0 0 0 0 0 0 0 0 0 0 0 0 0 0 
42 63 66 78 90 105 114 123 134 144 154 164 174 183 193 203 212 222 231 240 0 0 0 0 0 0 0 0 0 0 0 0 0 0 0 0 0 0 0 
44 66 69 81 93 108 118 128 139 150 160 170 180 191 201 210 220 230 240 249 259 0 0 0 0 0 0 0 0 0 0 0 0 0 0 0 0 0 0 
46 69 72 84 97 112 122 133 143 155 166 176 187 197 207 219 228 239 248 257 267 277 0 0 0 0 0 0 0 0 0 0 0 0 0 0 0 0 0 
48 72 75 87 101 116 126 138 149 160 172 183 194 204 216 225 237 247 257 266 276 286 296 0 0 0 0 0 0 0 0 0 0 0 0 0 0 0 0 
50 75 78 90 105 120 131 143 154 166 177 189 200 211 222 234 244 255 265 276 286 296 306 316 0 0 0 0 0 0 0 0 0 0 0 0 0 0 0 
52 78 81 93 108 123 135 147 159 171 183 195 206 218 229 240 252 262 274 284 294 305 316 325 335 0 0 0 0 0 0 0 0 0 0 0 0 0 0 
54 81 84 96 112 127 140 152 165 177 189 201 212 225 236 248 259 270 282 292 303 315 325 335 346 357 0 0 0 0 0 0 0 0 0 0 0 0 0 
56 84 87 99 116 131 144 156 169 183 195 207 220 232 244 255 267 278 289 301 312 323 334 345 357 366 379 0 0 0 0 0 0 0 0 0 0 0 0 
58 87 90 102 120 135 148 162 175 188 201 212 226 237 250 262 274 287 298 309 322 332 345 356 367 377 388 399 0 0 0 0 0 0 0 0 0 0 0 
60 90 93 105 123 138 153 166 180 193 206 219 232 245 257 270 282 294 305 318 330 342 353 364 377 388 398 410 422 0 0 0 0 0 0 0 0 0 0 
0 0 0 0 0 0 0 0 0 0 0 0 0 0 0 0 0 0 0 0 0 0 0 0 0 0 0 0 0 0 0 0 0 0 0 0 0 0 0 
0 0 0 0 0 0 0 0 0 0 0 0 0 0 0 0 0 0 0 0 0 0 0 0 0 0 0 0 0 0 0 0 0 0 0 0 0 0 0 
0 0 0 0 0 0 0 0 0 0 0 0 0 0 0 0 0 0 0 0 0 0 0 0 0 0 0 0 0 0 0 0 0 0 0 0 0 0 0 
0 0 0 0 0 0 0 0 0 0 0 0 0 0 0 0 0 0 0 0 0 0 0 0 0 0 0 0 0 0 0 0 0 0 0 0 0 0 0 
0 0 0 0 0 0 0 0 0 0 0 0 0 0 0 0 0 0 0 0 0 0 0 0 0 0 0 0 0 0 0 0 0 0 0 0 0 0 0 
0 0 0 0 0 0 0 0 0 0 0 0 0 0 0 0 0 0 0 0 0 0 0 0 0 0 0 0 0 0 0 0 0 0 0 0 0 0 0 
0 0 0 0 0 0 0 0 0 0 0 0 0 0 0 0 0 0 0 0 0 0 0 0 0 0 0 0 0 0 0 0 0 0 0 0 0 0 0 
0 0 0 0 0 0 0 0 0 0 0 0 0 0 0 0 0 0 0 0 0 0 0 0 0 0 0 0 0 0 0 0 0 0 0 0 0 0 0 
0 0 0 0 0 0 0 0 0 0 0 0 0 0 0 0 0 0 0 0 0 0 0 0 0 0 0 0 0 0 0 0 0 0 0 0 0 0 0 
0 0 0 0 0 0 0 0 0 0 0 0 0 0 0 0 0 0 0 0 0 0 0 0 0 0 0 0 0 0 0 0 0 0 0 0 0 0 0 
