4 0 0 0 0 0 0 0 0 0 0 0 0 0 0 0 0 0 0 0 0 0 0 0 0 0 0 0 0 0 0 0 0 0 0 0 0 0 0 
6 9 0 0 0 0 0 0 0 0 0 0 0 0 0 0 0 0 0 0 0 0 0 0 0 0 0 0 0 0 0 0 0 0 0 0 0 0 0 
8 12 16 0 0 0 0 0 0 0 0 0 0 0 0 0 0 0 0 0 0 0 0 0 0 0 0 0 0 0 0 0 0 0 0 0 0 0 0 
10 15 20 24 0 0 0 0 0 0 0 0 0 0 0 0 0 0 0 0 0 0 0 0 0 0 0 0 0 0 0 0 0 0 0 0 0 0 0 
12 18 24 28 33 0 0 0 0 0 0 0 0 0 0 0 0 0 0 0 0 0 0 0 0 0 0 0 0 0 0 0 0 0 0 0 0 0 0 
14 21 28 32 38 44 0 0 0 0 0 0 0 0 0 0 0 0 0 0 0 0 0 0 0 0 0 0 0 0 0 0 0 0 0 0 0 0 0 
16 24 32 36 43 50 57 0 0 0 0 0 0 0 0 0 0 0 0 0 0 0 0 0 0 0 0 0 0 0 0 0 0 0 0 0 0 0 0 
18 27 36 40 48 56 64 72 0 0 0 0 0 0 0 0 0 0 0 0 0 0 0 0 0 0 0 0 0 0 0 0 0 0 0 0 0 0 0 
20 30 40 44 52 60 68 76 84 0 0 0 0 0 0 0 0 0 0 0 0 0 0 0 0 0 0 0 0 0 0 0 0 0 0 0 0 0 0 
22 33 44 48 57 66 74 82 90 98 0 0 0 0 0 0 0 0 0 0 0 0 0 0 0 0 0 0 0 0 0 0 0 0 0 0 0 0 0 
24 36 48 52 62 72 80 88 96 106 114 0 0 0 0 0 0 0 0 0 0 0 0 0 0 0 0 0 0 0 0 0 0 0 0 0 0 0 0 
26 39 52 56 67 78 86 95 103 112 122 131 0 0 0 0 0 0 0 0 0 0 0 0 0 0 0 0 0 0 0 0 0 0 0 0 0 0 0 
28 42 56 60 72 84 92 101 110 119 129 137 146 0 0 0 0 0 0 0 0 0 0 0 0 0 0 0 0 0 0 0 0 0 0 0 0 0 0 
30 45 60 64 76 88 97 108 116 126 136 146 154 164 0 0 0 0 0 0 0 0 0 0 0 0 0 0 0 0 0 0 0 0 0 0 0 0 0 
32 48 64 68 81 93 103 114 124 134 144 153 163 174 183 0 0 0 0 0 0 0 0 0 0 0 0 0 0 0 0 0 0 0 0 0 0 0 0 
34 51 68 72 86 98 109 121 130 140 152 162 171 182 193 204 0 0 0 0 0 0 0 0 0 0 0 0 0 0 0 0 0 0 0 0 0 0 0 
36 54 72 76 91 103 115 128 137 148 160 169 181 191 203 212 222 0 0 0 0 0 0 0 0 0 0 0 0 0 0 0 0 0 0 0 0 0 0 
38 57 76 80 96 108 120 134 143 155 168 178 189 201 211 221 232 243 0 0 0 0 0 0 0 0 0 0 0 0 0 0 0 0 0 0 0 0 0 
40 60 80 84 100 112 126 140 150 162 174 185 198 209 220 231 242 253 264 0 0 0 0 0 0 0 0 0 0 0 0 0 0 0 0 0 0 0 0 
42 63 84 88 105 117 132 146 157 170 181 193 205 217 229 241 252 265 276 287 0 0 0 0 0 0 0 0 0 0 0 0 0 0 0 0 0 0 0 
44 66 88 92 110 122 137 152 164 177 190 202 214 226 238 251 263 275 285 297 310 0 0 0 0 0 0 0 0 0 0 0 0 0 0 0 0 0 0 
46 69 92 96 115 127 143 158 169 184 197 210 221 233 248 260 271 285 297 308 320 333 0 0 0 0 0 0 0 0 0 0 0 0 0 0 0 0 0 
48 72 96 100 120 132 148 164 176 190 203 217 231 242 256 270 284 296 308 319 331 345 356 0 0 0 0 0 0 0 0 0 0 0 0 0 0 0 0 
50 75 100 104 124 136 154 170 182 196 210 224 237 251 265 278 291 304 318 331 343 357 369 382 0 0 0 0 0 0 0 0 0 0 0 0 0 0 0 
52 78 104 108 128 141 160 176 189 204 217 232 246 259 273 288 301 315 328 341 355 369 381 395 409 0 0 0 0 0 0 0 0 0 0 0 0 0 0 
54 81 108 112 132 146 165 182 196 210 225 239 254 269 284 297 310 326 340 353 367 379 393 408 420 433 0 0 0 0 0 0 0 0 0 0 0 0 0 
56 84 112 116 136 151 171 188 202 216 232 247 262 278 290 305 320 336 348 364 378 391 405 419 433 447 461 0 0 0 0 0 0 0 0 0 0 0 0 
58 87 116 120 140 156 176 194 208 224 239 255 270 286 300 316 330 345 360 374 387 403 417 431 445 459 474 487 0 0 0 0 0 0 0 0 0 0 0 
60 90 120 124 144 160 181 200 214 230 246 261 277 293 307 323 341 355 370 384 400 414 430 442 458 473 486 500 515 0 0 0 0 0 0 0 0 0 0 
0 0 0 0 0 0 0 0 0 0 0 0 0 0 0 0 0 0 0 0 0 0 0 0 0 0 0 0 0 0 0 0 0 0 0 0 0 0 0 
0 0 0 0 0 0 0 0 0 0 0 0 0 0 0 0 0 0 0 0 0 0 0 0 0 0 0 0 0 0 0 0 0 0 0 0 0 0 0 
0 0 0 0 0 0 0 0 0 0 0 0 0 0 0 0 0 0 0 0 0 0 0 0 0 0 0 0 0 0 0 0 0 0 0 0 0 0 0 
0 0 0 0 0 0 0 0 0 0 0 0 0 0 0 0 0 0 0 0 0 0 0 0 0 0 0 0 0 0 0 0 0 0 0 0 0 0 0 
0 0 0 0 0 0 0 0 0 0 0 0 0 0 0 0 0 0 0 0 0 0 0 0 0 0 0 0 0 0 0 0 0 0 0 0 0 0 0 
0 0 0 0 0 0 0 0 0 0 0 0 0 0 0 0 0 0 0 0 0 0 0 0 0 0 0 0 0 0 0 0 0 0 0 0 0 0 0 
0 0 0 0 0 0 0 0 0 0 0 0 0 0 0 0 0 0 0 0 0 0 0 0 0 0 0 0 0 0 0 0 0 0 0 0 0 0 0 
0 0 0 0 0 0 0 0 0 0 0 0 0 0 0 0 0 0 0 0 0 0 0 0 0 0 0 0 0 0 0 0 0 0 0 0 0 0 0 
0 0 0 0 0 0 0 0 0 0 0 0 0 0 0 0 0 0 0 0 0 0 0 0 0 0 0 0 0 0 0 0 0 0 0 0 0 0 0 
0 0 0 0 0 0 0 0 0 0 0 0 0 0 0 0 0 0 0 0 0 0 0 0 0 0 0 0 0 0 0 0 0 0 0 0 0 0 0 
