4 0 0 0 0 0 0 0 0 0 0 0 0 0 0 0 0 0 0 0 0 0 0 0 0 0 0 0 0 0 0 0 0 0 0 0 0 0 0 
6 9 0 0 0 0 0 0 0 0 0 0 0 0 0 0 0 0 0 0 0 0 0 0 0 0 0 0 0 0 0 0 0 0 0 0 0 0 0 
8 12 16 0 0 0 0 0 0 0 0 0 0 0 0 0 0 0 0 0 0 0 0 0 0 0 0 0 0 0 0 0 0 0 0 0 0 0 0 
10 15 20 25 0 0 0 0 0 0 0 0 0 0 0 0 0 0 0 0 0 0 0 0 0 0 0 0 0 0 0 0 0 0 0 0 0 0 0 
12 18 24 30 35 0 0 0 0 0 0 0 0 0 0 0 0 0 0 0 0 0 0 0 0 0 0 0 0 0 0 0 0 0 0 0 0 0 0 
14 21 28 35 40 46 0 0 0 0 0 0 0 0 0 0 0 0 0 0 0 0 0 0 0 0 0 0 0 0 0 0 0 0 0 0 0 0 0 
16 24 32 40 45 52 59 0 0 0 0 0 0 0 0 0 0 0 0 0 0 0 0 0 0 0 0 0 0 0 0 0 0 0 0 0 0 0 0 
18 27 36 45 50 58 66 74 0 0 0 0 0 0 0 0 0 0 0 0 0 0 0 0 0 0 0 0 0 0 0 0 0 0 0 0 0 0 0 
20 30 40 50 55 64 73 82 91 0 0 0 0 0 0 0 0 0 0 0 0 0 0 0 0 0 0 0 0 0 0 0 0 0 0 0 0 0 0 
22 33 44 55 60 70 80 90 100 110 0 0 0 0 0 0 0 0 0 0 0 0 0 0 0 0 0 0 0 0 0 0 0 0 0 0 0 0 0 
24 36 48 60 65 75 85 95 105 115 125 0 0 0 0 0 0 0 0 0 0 0 0 0 0 0 0 0 0 0 0 0 0 0 0 0 0 0 0 
26 39 52 65 70 81 92 102 112 122 132 142 0 0 0 0 0 0 0 0 0 0 0 0 0 0 0 0 0 0 0 0 0 0 0 0 0 0 0 
28 42 56 70 75 87 99 109 120 130 141 151 162 0 0 0 0 0 0 0 0 0 0 0 0 0 0 0 0 0 0 0 0 0 0 0 0 0 0 
30 45 60 75 80 93 106 116 127 138 149 160 171 182 0 0 0 0 0 0 0 0 0 0 0 0 0 0 0 0 0 0 0 0 0 0 0 0 0 
32 48 64 80 85 99 113 123 135 146 157 169 180 191 203 0 0 0 0 0 0 0 0 0 0 0 0 0 0 0 0 0 0 0 0 0 0 0 0 
34 51 68 85 90 105 120 130 142 155 166 178 190 202 213 225 0 0 0 0 0 0 0 0 0 0 0 0 0 0 0 0 0 0 0 0 0 0 0 
36 54 72 90 95 110 125 137 150 163 175 187 200 212 223 236 248 0 0 0 0 0 0 0 0 0 0 0 0 0 0 0 0 0 0 0 0 0 0 
38 57 76 95 100 116 131 144 158 171 183 196 209 222 235 247 260 272 0 0 0 0 0 0 0 0 0 0 0 0 0 0 0 0 0 0 0 0 0 
40 60 80 100 105 122 137 151 165 179 192 205 219 232 245 258 272 284 296 0 0 0 0 0 0 0 0 0 0 0 0 0 0 0 0 0 0 0 0 
42 63 84 105 110 128 143 158 173 187 200 214 228 242 255 269 283 296 309 322 0 0 0 0 0 0 0 0 0 0 0 0 0 0 0 0 0 0 0 
44 66 88 110 115 134 149 165 181 195 208 224 238 252 266 280 296 308 322 335 349 0 0 0 0 0 0 0 0 0 0 0 0 0 0 0 0 0 0 
46 69 92 115 120 140 155 172 189 203 217 232 247 262 277 291 305 320 334 348 363 376 0 0 0 0 0 0 0 0 0 0 0 0 0 0 0 0 0 
48 72 96 120 125 145 161 178 196 212 225 243 257 272 287 302 317 332 346 361 376 390 404 0 0 0 0 0 0 0 0 0 0 0 0 0 0 0 0 
50 75 100 125 130 151 167 185 204 218 235 251 266 281 298 313 328 342 359 374 388 403 419 433 0 0 0 0 0 0 0 0 0 0 0 0 0 0 0 
52 78 104 130 135 157 173 192 211 227 242 260 276 292 309 323 339 356 371 386 402 417 432 449 462 0 0 0 0 0 0 0 0 0 0 0 0 0 0 
54 81 108 135 140 163 179 198 219 235 251 268 284 302 318 334 350 367 384 400 416 431 447 463 478 493 0 0 0 0 0 0 0 0 0 0 0 0 0 
56 84 112 140 145 169 185 205 226 242 259 277 294 312 328 346 362 378 396 412 428 445 462 476 493 510 525 0 0 0 0 0 0 0 0 0 0 0 0 
58 87 116 145 150 175 191 212 233 250 267 287 303 321 339 355 373 390 407 424 441 458 475 490 507 523 540 556 0 0 0 0 0 0 0 0 0 0 0 
60 90 120 150 155 180 197 218 241 258 276 295 312 331 347 367 384 401 418 437 454 472 488 506 523 539 556 572 589 0 0 0 0 0 0 0 0 0 0 
0 0 0 0 0 0 0 0 0 0 0 0 0 0 0 0 0 0 0 0 0 0 0 0 0 0 0 0 0 0 0 0 0 0 0 0 0 0 0 
0 0 0 0 0 0 0 0 0 0 0 0 0 0 0 0 0 0 0 0 0 0 0 0 0 0 0 0 0 0 0 0 0 0 0 0 0 0 0 
0 0 0 0 0 0 0 0 0 0 0 0 0 0 0 0 0 0 0 0 0 0 0 0 0 0 0 0 0 0 0 0 0 0 0 0 0 0 0 
0 0 0 0 0 0 0 0 0 0 0 0 0 0 0 0 0 0 0 0 0 0 0 0 0 0 0 0 0 0 0 0 0 0 0 0 0 0 0 
0 0 0 0 0 0 0 0 0 0 0 0 0 0 0 0 0 0 0 0 0 0 0 0 0 0 0 0 0 0 0 0 0 0 0 0 0 0 0 
0 0 0 0 0 0 0 0 0 0 0 0 0 0 0 0 0 0 0 0 0 0 0 0 0 0 0 0 0 0 0 0 0 0 0 0 0 0 0 
0 0 0 0 0 0 0 0 0 0 0 0 0 0 0 0 0 0 0 0 0 0 0 0 0 0 0 0 0 0 0 0 0 0 0 0 0 0 0 
0 0 0 0 0 0 0 0 0 0 0 0 0 0 0 0 0 0 0 0 0 0 0 0 0 0 0 0 0 0 0 0 0 0 0 0 0 0 0 
0 0 0 0 0 0 0 0 0 0 0 0 0 0 0 0 0 0 0 0 0 0 0 0 0 0 0 0 0 0 0 0 0 0 0 0 0 0 0 
0 0 0 0 0 0 0 0 0 0 0 0 0 0 0 0 0 0 0 0 0 0 0 0 0 0 0 0 0 0 0 0 0 0 0 0 0 0 0 
