6 6 6 6 6 6 6 6 6 6 6 6 6 6 6 6 6 6 6 6 6 6 6 6 6 6 6 6 6 6 6 6 6 6 6 6 6 6 6
0 8 10 12 14 16 18 20 22 24 26 28 30 32 34 36 38 40 42 44 46 48 50 52 54 56 58 60 62 64 66 68 70 72 74 76 78 80 82
0 0 13 16 18 21 24 26 28 30 32 34 36 38 40 42 44 46 48 50 52 54 56 58 60 62 64 66 68 70 72 74 76 78 80 82 84 86 88
0 0 0 20 22 25 28 30 33 36 38 41 44 46 49 52 54 57 60 62 64 66 68 70 72 74 76 78 80 82 84 86 88 90 92 94 96 98 100
0 0 0 0 26 29 32 36 39 42 45 48 50 53 56 58 61 64 66 69 72 74 77 80 82 85 88 90 93 96 98 101 104 106 109 112 114 117 120
0 0 0 0 0 33 37 40 44 47 50 53 56 60 63 66 69 72 75 78 81 84 87 90 92 95 98 100 103 106 108 111 114 116 119 122 124 127 130
0 0 0 0 0 0 42 45 50 53 57 60 64 67 70 74 77 81 84 87 90 94 98 102 105 108 112 114 117 120 122 125 128 130 133 136 138 141 144
0 0 0 0 0 0 0 49 54 59 64 67 70 73 77 81 85 89 93 96 100 104 108 111 114 118 121 124 128 131 134 138 141 144 148 151 154 158 161
0 0 0 0 0 0 0 0 60 64 68 73 77 81 85 90 94 98 102 108 111 115 120 123 126 130 133 136 140 143 146 150 153 156 160 163 166 170 173
0 0 0 0 0 0 0 0 0 69 74 80 84 88 92 96 101 108 112 116 121 125 129 133 137 141 145 149 153 157 161 165 168 171 175 178 181 185 188
0 0 0 0 0 0 0 0 0 0 80 86 91 96 99 103 109 118 122 127 132 136 140 144 148 152 156 160 164 168 172 176 180 184 188 192 196 200 204
0 0 0 0 0 0 0 0 0 0 0 92 98 104 107 110 116 125 130 135 140 145 150 154 159 164 168 173 177 181 185 189 193 197 201 205 209 213 217
0 0 0 0 0 0 0 0 0 0 0 0 105 112 115 118 124 135 140 145 150 155 160 165 169 174 179 183 188 193 197 202 207 211 216 220 224 228 232
0 0 0 0 0 0 0 0 0 0 0 0 0 120 123 126 132 143 149 154 160 165 171 176 182 186 191 196 200 205 210 214 219 224 228 233 238 242 247
0 0 0 0 0 0 0 0 0 0 0 0 0 0 128 133 140 152 158 164 169 175 181 186 192 197 202 208 213 218 224 228 233 238 242 247 252 256 261
0 0 0 0 0 0 0 0 0 0 0 0 0 0 0 141 148 162 168 174 180 186 192 198 203 208 214 219 224 230 235 240 246 251 256 262 267 272 277
0 0 0 0 0 0 0 0 0 0 0 0 0 0 0 0 156 172 178 184 190 196 202 208 214 220 226 232 237 243 248 253 259 264 269 275 280 285 291
0 0 0 0 0 0 0 0 0 0 0 0 0 0 0 0 0 180 187 193 200 207 213 219 225 231 237 243 249 255 261 267 273 278 284 289 294 300 305
0 0 0 0 0 0 0 0 0 0 0 0 0 0 0 0 0 0 196 203 210 216 223 230 236 243 249 255 261 267 273 279 285 291 297 303 309 315 321
0 0 0 0 0 0 0 0 0 0 0 0 0 0 0 0 0 0 0 213 220 227 233 240 247 253 260 267 273 280 287 293 299 305 311 317 323 329 335
0 0 0 0 0 0 0 0 0 0 0 0 0 0 0 0 0 0 0 0 229 237 244 251 258 265 272 278 285 292 298 305 312 318 325 332 338 344 350
0 0 0 0 0 0 0 0 0 0 0 0 0 0 0 0 0 0 0 0 0 247 254 262 269 276 284 291 298 305 311 318 325 331 338 345 351 358 365
0 0 0 0 0 0 0 0 0 0 0 0 0 0 0 0 0 0 0 0 0 0 265 273 280 287 295 302 309 317 324 331 339 345 352 359 365 372 379
0 0 0 0 0 0 0 0 0 0 0 0 0 0 0 0 0 0 0 0 0 0 0 283 291 299 307 314 322 329 336 344 351 358 366 373 380 387 394
0 0 0 0 0 0 0 0 0 0 0 0 0 0 0 0 0 0 0 0 0 0 0 0 302 310 318 326 334 342 350 357 364 372 379 386 394 401 408
0 0 0 0 0 0 0 0 0 0 0 0 0 0 0 0 0 0 0 0 0 0 0 0 0 322 330 338 346 354 362 370 378 386 394 401 408 416 423
0 0 0 0 0 0 0 0 0 0 0 0 0 0 0 0 0 0 0 0 0 0 0 0 0 0 341 350 359 367 375 383 391 399 407 415 423 431 438
0 0 0 0 0 0 0 0 0 0 0 0 0 0 0 0 0 0 0 0 0 0 0 0 0 0 0 362 370 379 388 396 404 412 420 428 436 444 452
0 0 0 0 0 0 0 0 0 0 0 0 0 0 0 0 0 0 0 0 0 0 0 0 0 0 0 0 383 391 400 409 417 426 435 443 451 459 467
0 0 0 0 0 0 0 0 0 0 0 0 0 0 0 0 0 0 0 0 0 0 0 0 0 0 0 0 0 404 413 422 430 439 448 456 465 474 482
0 0 0 0 0 0 0 0 0 0 0 0 0 0 0 0 0 0 0 0 0 0 0 0 0 0 0 0 0 0 425 435 444 453 462 470 479 488 496
0 0 0 0 0 0 0 0 0 0 0 0 0 0 0 0 0 0 0 0 0 0 0 0 0 0 0 0 0 0 0 447 457 466 475 485 494 503 512
0 0 0 0 0 0 0 0 0 0 0 0 0 0 0 0 0 0 0 0 0 0 0 0 0 0 0 0 0 0 0 0 470 480 489 498 508 517 526
0 0 0 0 0 0 0 0 0 0 0 0 0 0 0 0 0 0 0 0 0 0 0 0 0 0 0 0 0 0 0 0 0 493 503 513 522 531 541
0 0 0 0 0 0 0 0 0 0 0 0 0 0 0 0 0 0 0 0 0 0 0 0 0 0 0 0 0 0 0 0 0 0 516 526 536 546 556
0 0 0 0 0 0 0 0 0 0 0 0 0 0 0 0 0 0 0 0 0 0 0 0 0 0 0 0 0 0 0 0 0 0 0 540 550 560 570
0 0 0 0 0 0 0 0 0 0 0 0 0 0 0 0 0 0 0 0 0 0 0 0 0 0 0 0 0 0 0 0 0 0 0 0 565 575 585
0 0 0 0 0 0 0 0 0 0 0 0 0 0 0 0 0 0 0 0 0 0 0 0 0 0 0 0 0 0 0 0 0 0 0 0 0 590 600
0 0 0 0 0 0 0 0 0 0 0 0 0 0 0 0 0 0 0 0 0 0 0 0 0 0 0 0 0 0 0 0 0 0 0 0 0 0 614
