4 4 7 8 9 10 11 12 13 14 15 16 17 18 19 20 21 22 23 24 25 26 27 28 29 30 31 32 33 34 35 36 37 38 39 40 41 42 43
8 6 10 12 13 15 16 18 19 20 21 22 23 24 25 26 27 28 29 30 31 32 33 34 35 36 37 38 39 40 41 42 43 44 45 46 47 48 49
8 12 13 16 17 19 21 22 24 25 27 28 30 31 33 34 36 37 38 39 40 41 42 43 44 45 46 47 48 49 50 51 52 53 54 55 56 57 58
8 12 16 20 21 23 26 27 30 31 33 34 36 37 39 40 42 43 45 46 48 49 51 52 54 55 57 58 60 61 62 63 64 65 66 67 68 69 70
8 12 19 23 25 27 30 32 35 37 39 40 42 44 46 48 49 51 52 54 55 57 58 60 61 63 64 66 67 69 70 72 73 75 76 78 79 81 82
8 12 22 26 29 31 35 37 40 42 44 46 49 51 53 55 57 58 60 63 64 66 67 69 70 72 73 75 76 78 79 81 82 84 85 87 88 90 91
8 12 25 29 33 35 40 42 45 48 50 52 56 57 59 62 64 66 68 70 72 74 76 78 80 82 84 85 87 88 90 91 93 94 96 97 99 100 102
8 12 28 32 37 39 44 47 50 54 56 58 62 64 66 69 72 73 75 78 80 82 84 86 88 90 92 94 96 98 100 102 104 106 108 109 111 112 114
8 12 31 35 41 43 48 52 55 60 61 64 68 71 73 75 78 81 83 86 88 91 93 95 97 99 101 103 105 107 109 111 113 115 117 119 121 123 125
8 12 34 38 45 47 52 57 60 66 67 70 74 77 79 82 85 88 91 93 96 98 101 103 106 108 111 113 115 117 119 121 123 125 127 129 131 133 135
8 12 37 41 48 51 56 61 65 71 73 76 80 84 86 89 92 96 99 102 104 107 109 112 114 117 119 122 124 127 129 132 134 136 138 140 142 144 146
8 12 40 44 52 55 60 66 70 76 78 81 86 91 93 96 99 103 106 109 112 115 118 121 123 126 128 131 133 136 138 141 143 146 148 151 153 156 158
8 12 43 47 56 59 64 71 75 81 84 87 92 98 101 105 108 111 114 117 120 123 126 129 132 135 138 140 143 145 148 150 153 155 158 160 163 165 168
8 12 46 50 60 63 68 75 80 86 90 93 98 105 108 112 115 119 122 126 129 132 135 138 141 144 147 150 153 156 158 161 163 166 168 171 173 176 178
8 12 49 53 63 67 72 80 85 91 99 103 107 111 115 119 123 126 130 133 137 140 144 147 150 153 156 159 162 165 168 171 174 177 180 182 185 187 190
8 12 52 56 66 71 76 89 95 100 105 109 114 118 122 126 130 134 138 141 145 148 152 155 159 162 165 168 171 174 177 180 183 186 189 192 195 198 201
8 12 55 59 69 75 80 93 100 106 111 115 120 124 129 133 137 141 145 149 153 157 160 164 167 171 174 178 181 184 187 190 193 196 199 202 205 208 211
8 12 58 62 72 79 84 98 106 111 117 122 127 131 136 140 145 149 153 157 161 165 169 173 176 180 183 187 190 194 197 201 204 207 210 213 216 219 222
8 12 61 65 75 83 88 102 111 117 123 128 133 138 143 147 152 156 161 165 169 173 177 181 185 189 193 196 200 203 207 210 214 217 221 224 228 231 234
8 12 64 68 78 87 92 107 115 123 129 134 140 145 150 155 159 164 168 173 177 182 186 190 194 198 202 206 210 213 217 220 224 227 231 234 238 241 245
8 12 67 71 81 91 96 111 120 129 135 140 146 151 157 162 167 172 176 181 185 190 194 199 203 207 211 215 219 223 227 231 234 238 241 245 248 252 255
8 12 70 74 84 95 100 116 124 134 141 147 152 158 163 169 174 179 184 189 193 198 202 207 211 216 220 224 228 232 236 240 244 248 252 256 259 263 266
8 12 73 77 87 98 107 120 129 140 147 153 159 165 170 176 181 187 192 197 202 207 211 216 220 225 229 234 238 242 246 250 254 258 262 266 270 274 278
8 12 76 80 90 102 111 125 133 145 153 159 165 171 177 183 189 194 200 205 210 215 220 225 229 234 238 243 247 252 256 260 264 268 272 276 280 284 288
8 12 79 83 93 106 115 129 138 150 159 165 172 178 184 190 196 202 207 213 218 223 228 233 238 243 247 252 256 261 265 270 274 279 283 287 291 295 299
8 12 82 86 96 110 118 132 142 154 165 172 178 185 191 197 203 209 215 220 226 231 237 242 247 252 257 262 266 271 275 280 284 289 293 298 302 306 310
8 12 85 89 99 113 122 136 147 159 171 178 185 192 198 205 211 217 223 228 234 239 245 250 256 261 266 271 276 281 285 290 294 299 303 308 312 317 321
8 12 88 92 102 117 126 140 151 163 177 184 191 198 205 212 218 224 230 236 242 248 253 259 264 270 275 280 285 290 295 300 305 309 314 318 323 327 332
8 12 91 95 105 121 130 144 156 168 182 190 198 205 212 219 225 232 238 244 250 256 262 268 273 279 284 290 295 300 305 310 315 320 325 329 334 338 343
8 12 94 98 108 125 133 147 160 172 187 197 204 212 219 226 233 239 246 252 258 264 270 276 282 288 293 299 304 310 315 320 325 330 335 340 345 349 354
8 12 97 101 111 128 137 151 165 177 192 203 211 218 226 233 240 247 254 260 267 273 279 285 291 297 302 308 313 319 324 330 335 340 345 350 355 360 365
8 12 100 104 114 132 141 155 169 181 198 209 217 225 233 240 247 254 261 268 275 281 288 294 300 306 312 317 323 328 334 339 345 350 356 361 366 371 376
8 12 103 107 117 136 145 159 174 186 202 214 224 232 240 247 255 262 269 276 283 289 296 302 309 315 321 327 333 338 344 349 355 360 366 371 377 382 387
8 12 106 110 120 140 148 162 178 190 207 219 230 239 247 255 262 270 277 284 291 298 304 311 317 324 330 336 342 348 354 360 365 371 376 382 387 393 398
8 12 109 113 123 143 152 166 183 195 211 224 237 245 254 262 270 277 285 292 299 306 313 320 326 333 339 345 351 357 363 369 375 381 387 392 398 403 409
8 12 112 116 126 146 156 170 187 199 216 230 243 252 260 269 277 285 292 300 307 314 321 328 335 342 348 355 361 367 373 379 385 391 397 403 408 414 419
8 12 115 119 129 149 160 174 192 204 220 235 249 259 267 276 284 292 300 308 315 323 330 337 344 351 357 364 370 377 383 389 395 401 407 413 419 425 430
8 12 118 122 132 152 163 177 196 208 225 240 254 265 274 283 291 300 308 316 323 331 338 346 353 360 367 373 380 386 393 399 406 412 418 424 430 436 442
8 12 121 125 135 155 167 181 201 213 229 245 260 272 281 290 299 307 316 324 332 339 347 354 362 369 376 383 390 396 403 409 416 422 428 434 440 446 452
