6 6 6 6 6 6 6 6 6 6 6 6 6 6 6 6 6 6 6 6 6 6 6 6 6 6 6 6 6 6 6 6 6 6 6 6 6 6 6
10 9 9 14 16 18 20 22 24 26 28 30 32 34 36 38 40 42 44 46 48 50 52 54 56 58 60 62 64 66 68 70 72 74 76 78 80 82 84
10 15 12 18 21 24 26 29 32 34 37 40 42 45 48 50 52 54 56 58 60 62 64 66 68 70 72 74 76 78 80 82 84 86 88 90 92 94 96
10 15 20 22 26 30 33 36 40 42 45 48 50 53 56 58 61 64 66 69 72 74 77 80 82 85 88 90 93 96 98 101 104 106 109 112 114 117 120
10 15 20 26 31 36 39 43 46 50 53 56 60 63 66 70 73 76 79 82 85 88 90 93 96 98 101 104 106 109 112 114 117 120 122 125 128 130 133
10 15 20 30 36 42 46 50 54 58 61 65 69 72 76 80 83 86 90 93 96 100 103 106 110 113 116 120 123 126 130 133 136 140 142 145 148 150 153
10 15 20 34 40 46 52 56 61 66 70 74 78 82 86 90 94 98 102 106 110 114 117 120 124 127 130 134 137 140 144 147 150 154 157 160 164 167 170
10 15 20 38 45 51 57 63 68 73 78 83 87 92 97 101 105 109 113 117 121 125 129 133 137 141 145 149 153 157 161 165 169 172 176 179 182 186 189
10 15 20 42 50 56 63 70 75 81 86 91 96 101 106 111 116 120 125 130 134 139 144 148 152 156 160 164 168 172 176 180 184 188 192 196 200 204 208
10 15 20 46 55 61 69 77 83 89 95 100 106 111 116 122 127 132 136 141 146 151 156 160 165 170 174 179 184 188 193 198 202 206 210 214 218 222 226
10 15 20 50 60 66 74 84 91 97 103 109 114 120 126 132 137 143 148 153 159 164 169 175 180 184 189 194 198 203 208 212 217 222 226 231 236 240 245
10 15 20 54 64 70 80 89 97 105 111 118 124 130 136 142 148 154 160 166 165 177 176 187 193 198 203 209 214 219 225 230 234 239 244 248 253 258 262
10 15 20 58 68 75 85 95 104 113 120 127 133 140 146 153 159 165 172 178 184 190 196 202 208 213 218 224 229 234 240 245 250 256 261 266 272 277 282
10 15 20 62 72 80 91 100 110 121 128 135 143 149 156 163 170 177 183 189 195 202 209 215 221 227 233 239 245 251 257 262 268 273 278 284 289 294 300
10 15 20 66 76 85 97 106 116 128 136 144 152 159 166 174 181 188 195 202 208 215 222 228 235 242 248 254 260 266 272 278 284 290 296 302 308 314 320
10 15 20 70 80 90 102 112 123 135 145 153 161 169 177 185 192 199 207 214 221 228 235 242 248 255 262 268 275 282 288 295 301 307 313 319 325 331 337
10 15 20 74 84 94 108 117 129 141 152 162 170 179 187 195 203 211 219 226 233 241 248 255 263 270 277 284 290 297 304 310 317 324 330 337 344 350 356
10 15 20 78 88 99 113 123 136 148 159 171 180 188 197 206 214 222 230 238 246 254 262 269 276 284 291 298 306 313 320 327 334 341 347 354 361 367 374
10 15 20 82 92 104 118 128 142 154 166 179 189 198 207 216 225 233 242 250 258 266 274 282 290 298 306 314 321 328 336 343 350 358 365 372 380 386 393
10 15 20 86 96 109 123 134 148 160 173 187 198 208 217 226 236 245 253 262 271 279 288 296 304 312 320 328 336 344 352 360 367 374 382 389 396 404 411
10 15 20 90 100 114 128 140 155 167 181 195 207 217 227 237 246 256 265 274 284 292 301 310 318 327 336 344 352 360 368 376 384 392 400 408 415 422 430
10 15 20 94 104 118 132 145 161 173 188 202 215 227 237 247 257 267 277 286 296 305 314 324 332 341 350 358 367 376 384 392 400 408 416 424 432 440 448
10 15 20 98 108 123 137 151 168 180 195 209 223 237 247 258 268 278 288 298 308 318 327 337 346 355 365 374 382 391 400 408 417 426 434 443 451 459 467
10 15 20 102 112 128 142 156 173 186 202 216 231 246 258 268 279 290 300 311 321 331 341 351 360 369 379 388 397 407 416 425 434 442 451 460 468 477 486
10 15 20 106 116 133 147 162 179 192 209 223 239 255 268 279 290 301 312 323 333 344 354 364 374 384 394 404 413 422 432 441 450 460 469 478 486 495 504
10 15 20 110 120 138 152 168 184 199 217 231 247 263 278 290 301 312 324 335 346 356 367 378 388 398 408 418 428 438 448 458 467 476 486 495 504 514 523
10 15 20 114 124 142 156 173 190 205 224 238 255 271 288 300 312 324 335 347 358 369 380 391 402 412 423 434 444 454 464 474 484 494 504 513 522 532 541
10 15 20 118 128 147 161 179 196 212 230 245 263 279 296 310 323 335 347 359 371 382 393 405 416 427 437 448 459 469 480 490 500 510 520 530 540 550 560
10 15 20 122 132 152 166 184 201 218 237 252 271 287 305 321 334 346 359 371 383 395 407 418 430 441 452 464 474 485 496 506 517 528 538 548 558 568 578
10 15 20 126 136 157 171 190 207 224 243 259 279 295 314 331 345 358 370 383 396 408 420 432 444 455 467 478 489 501 512 523 533 544 555 565 576 587 597
10 15 20 130 140 162 176 196 212 231 250 267 287 303 323 340 356 369 382 395 408 421 433 445 457 469 481 493 505 516 528 539 550 562 572 583 594 604 615
10 15 20 134 144 166 180 201 218 237 256 274 294 311 332 349 366 380 394 407 420 433 446 459 471 484 496 508 520 532 544 555 567 578 589 601 612 623 634
10 15 20 138 148 171 185 207 224 244 262 281 302 319 340 358 377 391 405 419 433 446 459 473 485 498 511 523 536 548 560 572 584 596 607 618 630 641 652
10 15 20 142 152 176 190 212 229 250 269 288 309 327 349 366 387 403 417 431 445 459 473 486 499 513 525 538 551 563 576 588 600 612 624 636 648 660 671
10 15 20 146 156 181 195 218 235 256 275 295 316 335 357 375 397 414 429 444 458 472 486 500 513 527 540 553 566 579 592 604 617 630 642 654 666 678 690
10 15 20 150 160 186 200 224 240 263 282 303 323 343 365 384 407 425 441 456 470 485 499 513 527 541 555 568 581 595 608 621 633 646 659 671 684 696 708
10 15 20 154 164 190 204 229 246 269 288 310 330 351 373 393 416 435 452 468 483 498 512 527 541 555 569 583 597 610 624 637 650 663 676 689 701 714 727
10 15 20 158 168 195 209 235 252 276 294 317 338 359 381 402 424 444 464 480 495 510 526 540 555 570 584 598 612 626 640 653 667 680 693 707 720 732 745
10 15 20 162 172 200 214 240 257 282 301 324 345 367 389 410 433 454 476 492 508 523 539 554 569 584 598 613 628 642 656 670 684 697 711 724 737 751 764
