4 6 8 9 10 11 12 13 14 15 16 17 18 19 20 21 22 23 24 25 26 27 28 29 30 31 32 33 34 0 0 0 0 0 0 0 0 0 0 
6 9 12 13 15 16 18 19 21 22 24 25 26 27 28 29 30 31 32 33 34 35 36 37 38 39 40 41 42 0 0 0 0 0 0 0 0 0 0 
8 12 16 17 20 21 24 25 27 28 30 31 33 34 36 37 39 40 42 43 45 46 48 49 50 51 52 53 54 0 0 0 0 0 0 0 0 0 0 
10 15 20 21 25 26 29 31 33 35 37 38 40 42 44 45 47 48 50 51 53 54 56 57 59 60 62 63 65 0 0 0 0 0 0 0 0 0 0 
12 18 24 25 30 31 34 37 39 42 44 45 48 50 52 54 56 57 60 61 63 64 66 67 69 70 72 73 75 0 0 0 0 0 0 0 0 0 0 
14 21 28 29 34 36 39 43 45 48 50 52 56 57 60 62 64 66 68 70 72 74 76 78 80 81 84 85 87 0 0 0 0 0 0 0 0 0 0 
16 24 32 33 38 41 44 49 51 54 57 59 63 65 67 70 72 74 77 79 81 83 85 87 89 91 93 95 97 0 0 0 0 0 0 0 0 0 0 
18 27 36 37 42 46 49 54 57 60 64 66 70 73 75 78 81 83 85 88 90 93 95 97 100 102 104 106 108 0 0 0 0 0 0 0 0 0 0 
20 30 40 41 46 51 54 60 63 66 70 73 77 81 83 86 90 92 94 97 100 102 104 107 110 112 114 117 120 0 0 0 0 0 0 0 0 0 0 
22 33 44 45 50 56 59 66 69 72 77 80 84 88 90 94 98 100 103 106 110 111 114 117 120 122 124 127 130 0 0 0 0 0 0 0 0 0 0 
24 36 48 49 54 61 64 72 75 78 84 87 91 96 98 101 106 109 111 115 118 121 124 126 129 132 135 138 140 0 0 0 0 0 0 0 0 0 0 
26 39 52 53 58 66 69 77 80 84 90 94 98 104 106 109 114 118 120 123 127 131 133 136 139 142 145 148 150 0 0 0 0 0 0 0 0 0 0 
28 42 56 57 62 71 74 82 86 90 96 101 105 112 113 117 122 126 128 132 136 140 143 145 149 152 155 158 161 0 0 0 0 0 0 0 0 0 0 
30 45 60 61 66 76 79 87 92 96 102 108 112 120 121 125 130 135 137 140 144 149 152 155 158 162 165 169 172 0 0 0 0 0 0 0 0 0 0 
32 48 64 65 70 81 84 92 98 102 108 114 119 127 129 132 138 144 146 149 153 158 161 165 168 172 175 179 183 0 0 0 0 0 0 0 0 0 0 
34 51 68 69 74 85 89 97 104 108 114 120 126 134 136 139 146 153 154 158 162 167 171 174 178 182 185 189 193 0 0 0 0 0 0 0 0 0 0 
36 54 72 73 78 90 94 102 110 114 120 126 133 141 144 147 154 162 163 166 171 176 181 183 187 192 195 199 203 0 0 0 0 0 0 0 0 0 0 
38 57 76 77 82 95 99 107 116 120 126 133 140 148 152 155 162 171 172 175 179 185 190 193 196 201 205 209 213 0 0 0 0 0 0 0 0 0 0 
40 60 80 81 86 100 104 112 122 126 132 140 147 155 160 163 169 178 180 184 187 194 199 203 206 211 215 219 223 0 0 0 0 0 0 0 0 0 0 
42 63 84 85 90 105 109 117 128 132 138 147 154 162 168 171 176 185 188 192 196 202 208 212 215 220 225 229 233 0 0 0 0 0 0 0 0 0 0 
44 66 88 89 94 109 114 122 133 138 144 154 161 169 176 179 183 192 196 200 204 210 217 221 225 229 235 239 243 0 0 0 0 0 0 0 0 0 0 
46 69 92 93 98 113 119 127 138 143 150 161 168 176 184 186 190 199 204 209 212 218 226 230 234 238 244 249 253 0 0 0 0 0 0 0 0 0 0 
48 72 96 97 102 117 124 132 144 149 156 168 174 183 192 194 197 206 212 217 221 226 234 239 243 247 254 259 263 0 0 0 0 0 0 0 0 0 0 
50 75 100 101 106 121 129 137 150 155 162 174 180 190 200 202 205 213 220 226 229 234 243 248 252 257 263 269 273 0 0 0 0 0 0 0 0 0 0 
52 78 104 105 110 125 134 142 156 161 168 180 186 197 208 210 213 220 228 234 237 243 251 256 261 266 272 278 283 0 0 0 0 0 0 0 0 0 0 
54 81 108 109 114 129 139 147 162 167 174 186 192 204 216 218 221 227 235 242 246 251 259 265 270 275 281 288 293 0 0 0 0 0 0 0 0 0 0 
56 84 112 113 118 133 144 152 168 173 180 192 198 211 224 226 229 234 243 250 254 259 267 274 279 284 290 297 303 0 0 0 0 0 0 0 0 0 0 
58 87 116 117 122 137 149 157 174 179 186 198 204 218 232 234 236 241 251 258 262 268 275 282 287 293 299 306 313 0 0 0 0 0 0 0 0 0 0 
60 90 120 121 126 141 154 162 180 185 192 204 210 225 240 242 244 249 259 266 270 276 283 290 296 302 308 315 322 0 0 0 0 0 0 0 0 0 0 
0 0 0 0 0 0 0 0 0 0 0 0 0 0 0 0 0 0 0 0 0 0 0 0 0 0 0 0 0 0 0 0 0 0 0 0 0 0 0 
0 0 0 0 0 0 0 0 0 0 0 0 0 0 0 0 0 0 0 0 0 0 0 0 0 0 0 0 0 0 0 0 0 0 0 0 0 0 0 
0 0 0 0 0 0 0 0 0 0 0 0 0 0 0 0 0 0 0 0 0 0 0 0 0 0 0 0 0 0 0 0 0 0 0 0 0 0 0 
0 0 0 0 0 0 0 0 0 0 0 0 0 0 0 0 0 0 0 0 0 0 0 0 0 0 0 0 0 0 0 0 0 0 0 0 0 0 0 
0 0 0 0 0 0 0 0 0 0 0 0 0 0 0 0 0 0 0 0 0 0 0 0 0 0 0 0 0 0 0 0 0 0 0 0 0 0 0 
0 0 0 0 0 0 0 0 0 0 0 0 0 0 0 0 0 0 0 0 0 0 0 0 0 0 0 0 0 0 0 0 0 0 0 0 0 0 0 
0 0 0 0 0 0 0 0 0 0 0 0 0 0 0 0 0 0 0 0 0 0 0 0 0 0 0 0 0 0 0 0 0 0 0 0 0 0 0 
0 0 0 0 0 0 0 0 0 0 0 0 0 0 0 0 0 0 0 0 0 0 0 0 0 0 0 0 0 0 0 0 0 0 0 0 0 0 0 
0 0 0 0 0 0 0 0 0 0 0 0 0 0 0 0 0 0 0 0 0 0 0 0 0 0 0 0 0 0 0 0 0 0 0 0 0 0 0 
0 0 0 0 0 0 0 0 0 0 0 0 0 0 0 0 0 0 0 0 0 0 0 0 0 0 0 0 0 0 0 0 0 0 0 0 0 0 0 
