0 6 8 10 12 14 16 18 20 22 24 26 28 30 32 33 35 37 39 41 43 45 47 49 50 52 54 55 57 0 0 0 0 0 0 0 0 0 0 
6 9 12 15 17 19 21 23 25 27 29 31 33 35 37 39 41 43 45 47 49 51 53 55 57 59 61 63 65 0 0 0 0 0 0 0 0 0 0 
8 12 16 20 22 25 28 30 33 36 38 41 44 46 49 52 54 57 60 62 64 66 68 70 72 74 76 78 80 0 0 0 0 0 0 0 0 0 0 
10 15 20 25 27 31 35 37 41 45 47 50 53 56 59 62 64 67 70 72 75 78 80 83 86 88 91 94 96 0 0 0 0 0 0 0 0 0 0 
12 18 24 30 32 37 42 44 48 52 56 59 62 66 69 72 76 79 82 86 89 92 96 99 102 105 108 110 113 0 0 0 0 0 0 0 0 0 0 
14 21 28 35 37 43 49 51 55 60 64 68 72 76 80 84 88 91 95 98 101 105 108 112 115 118 122 125 128 0 0 0 0 0 0 0 0 0 0 
16 24 32 40 42 49 56 58 62 67 72 77 82 86 90 95 98 102 106 110 114 118 122 125 129 133 137 141 145 0 0 0 0 0 0 0 0 0 0 
18 27 36 45 47 54 61 65 69 75 81 86 92 95 101 105 109 114 118 122 127 131 136 139 143 147 151 156 159 0 0 0 0 0 0 0 0 0 0 
20 30 40 50 52 60 67 72 76 83 89 95 102 105 112 116 121 126 130 135 140 144 149 153 158 162 167 171 175 0 0 0 0 0 0 0 0 0 0 
22 33 44 55 57 66 73 79 83 90 97 103 110 115 121 126 132 137 142 146 152 157 162 167 172 176 181 185 190 0 0 0 0 0 0 0 0 0 0 
24 36 48 60 62 72 79 86 90 98 105 112 120 125 131 136 142 148 153 158 164 169 175 180 185 190 195 200 205 0 0 0 0 0 0 0 0 0 0 
26 39 52 65 67 78 85 93 97 106 113 121 130 135 141 147 153 159 165 170 176 182 188 193 199 204 210 215 219 0 0 0 0 0 0 0 0 0 0 
28 42 56 70 72 84 91 100 104 114 121 130 140 144 150 157 164 170 176 182 188 195 201 207 213 218 225 230 234 0 0 0 0 0 0 0 0 0 0 
30 45 60 75 77 89 96 106 111 121 129 138 148 154 160 166 174 180 187 193 200 207 214 221 228 233 240 245 250 0 0 0 0 0 0 0 0 0 0 
32 48 64 80 82 94 102 113 118 129 137 146 156 162 170 176 184 190 198 204 212 219 227 235 243 248 255 260 265 0 0 0 0 0 0 0 0 0 0 
34 51 68 85 87 99 108 120 125 136 144 154 164 171 179 187 194 201 208 215 223 231 240 249 258 263 270 275 280 0 0 0 0 0 0 0 0 0 0 
36 54 72 90 92 104 114 126 132 144 152 161 172 180 189 198 204 211 219 227 235 243 252 261 270 276 284 290 296 0 0 0 0 0 0 0 0 0 0 
38 57 76 95 97 109 120 133 139 152 160 169 180 189 199 209 215 222 229 238 246 255 264 273 283 291 299 306 311 0 0 0 0 0 0 0 0 0 0 
40 60 80 100 102 114 126 140 146 159 167 177 188 198 209 220 225 233 240 249 258 266 276 286 295 304 313 320 326 0 0 0 0 0 0 0 0 0 0 
42 63 84 105 107 119 131 146 153 166 175 185 196 207 219 231 236 244 251 260 270 278 288 299 308 317 326 334 340 0 0 0 0 0 0 0 0 0 0 
44 66 88 110 112 124 137 152 160 173 183 193 203 216 229 242 246 254 262 271 281 290 300 310 320 330 340 348 355 0 0 0 0 0 0 0 0 0 0 
46 69 92 115 117 129 143 158 167 180 190 201 211 225 239 253 257 265 273 282 292 302 312 322 332 342 353 361 368 0 0 0 0 0 0 0 0 0 0 
48 72 96 120 122 134 149 164 174 187 198 209 220 234 249 264 268 276 284 293 303 314 324 333 344 354 365 375 383 0 0 0 0 0 0 0 0 0 0 
50 75 100 125 127 139 155 170 181 194 205 217 228 242 257 272 278 287 295 304 314 325 336 345 356 365 377 388 396 0 0 0 0 0 0 0 0 0 0 
52 78 104 130 132 144 161 176 188 201 213 225 236 250 265 280 288 298 306 315 325 336 347 356 368 377 389 400 409 0 0 0 0 0 0 0 0 0 0 
54 81 108 135 137 149 166 182 195 208 221 233 244 258 273 288 298 308 317 326 336 347 358 367 380 389 401 412 422 0 0 0 0 0 0 0 0 0 0 
56 84 112 140 142 154 172 188 202 215 228 241 252 266 281 296 308 318 327 336 347 358 369 379 391 401 413 425 435 0 0 0 0 0 0 0 0 0 0 
58 87 116 145 147 159 178 194 208 221 236 249 260 274 289 304 317 327 337 347 358 369 380 390 402 413 425 437 448 0 0 0 0 0 0 0 0 0 0 
60 90 120 150 152 164 184 200 215 228 244 257 268 282 297 312 326 337 347 357 369 380 391 402 414 425 437 449 461 0 0 0 0 0 0 0 0 0 0 
0 0 0 0 0 0 0 0 0 0 0 0 0 0 0 0 0 0 0 0 0 0 0 0 0 0 0 0 0 0 0 0 0 0 0 0 0 0 0 
0 0 0 0 0 0 0 0 0 0 0 0 0 0 0 0 0 0 0 0 0 0 0 0 0 0 0 0 0 0 0 0 0 0 0 0 0 0 0 
0 0 0 0 0 0 0 0 0 0 0 0 0 0 0 0 0 0 0 0 0 0 0 0 0 0 0 0 0 0 0 0 0 0 0 0 0 0 0 
0 0 0 0 0 0 0 0 0 0 0 0 0 0 0 0 0 0 0 0 0 0 0 0 0 0 0 0 0 0 0 0 0 0 0 0 0 0 0 
0 0 0 0 0 0 0 0 0 0 0 0 0 0 0 0 0 0 0 0 0 0 0 0 0 0 0 0 0 0 0 0 0 0 0 0 0 0 0 
0 0 0 0 0 0 0 0 0 0 0 0 0 0 0 0 0 0 0 0 0 0 0 0 0 0 0 0 0 0 0 0 0 0 0 0 0 0 0 
0 0 0 0 0 0 0 0 0 0 0 0 0 0 0 0 0 0 0 0 0 0 0 0 0 0 0 0 0 0 0 0 0 0 0 0 0 0 0 
0 0 0 0 0 0 0 0 0 0 0 0 0 0 0 0 0 0 0 0 0 0 0 0 0 0 0 0 0 0 0 0 0 0 0 0 0 0 0 
0 0 0 0 0 0 0 0 0 0 0 0 0 0 0 0 0 0 0 0 0 0 0 0 0 0 0 0 0 0 0 0 0 0 0 0 0 0 0 
0 0 0 0 0 0 0 0 0 0 0 0 0 0 0 0 0 0 0 0 0 0 0 0 0 0 0 0 0 0 0 0 0 0 0 0 0 0 0 
