4 6 8 10 12 14 16 18 20 22 24 26 28 30 32 34 36 38 40 42 44 46 48 50 52 54 56 58 60 62 64 66 68 70 72 74 76 78 80 
6 9 12 15 17 19 21 23 25 27 29 31 33 35 37 39 41 43 45 47 49 51 53 55 57 59 61 63 65 67 69 71 73 75 77 79 81 83 85 
8 12 16 20 22 25 28 30 33 36 38 41 44 46 49 52 54 57 60 62 64 66 68 70 72 74 76 78 80 82 84 86 88 90 92 94 96 98 100 
10 15 20 25 27 31 35 38 41 45 48 51 54 56 59 62 64 67 70 72 75 78 80 83 86 88 91 94 96 99 102 104 107 110 112 115 118 120 123 
12 18 24 30 32 37 42 46 50 53 56 60 63 66 70 73 76 80 83 86 90 93 96 100 102 105 108 110 113 116 118 121 124 126 129 132 134 137 140 
14 21 28 35 37 43 49 53 57 61 65 69 73 77 81 85 89 92 95 99 102 105 109 112 115 119 122 125 129 132 135 139 142 145 149 152 155 159 162 
16 24 32 40 42 49 56 60 65 70 74 79 84 88 92 96 100 104 108 112 116 120 124 128 132 136 140 143 146 150 153 156 160 163 166 170 173 176 180 
18 27 36 45 47 54 61 68 73 78 84 88 93 98 102 107 112 116 121 126 130 134 138 142 146 150 154 158 162 166 170 174 178 182 186 190 194 198 202 
20 30 40 50 52 60 67 74 81 87 92 97 103 108 113 119 124 128 133 138 142 147 152 156 161 166 170 175 180 184 188 192 196 200 204 208 212 216 220 
22 33 44 55 57 66 73 81 89 95 101 107 113 119 124 129 135 140 145 151 156 161 167 171 176 181 185 190 195 199 204 209 213 218 223 227 232 237 241 
24 36 48 60 62 72 79 88 97 103 110 117 123 129 135 141 147 153 159 164 169 175 180 185 191 196 201 207 212 217 222 227 232 236 241 246 250 255 260 
26 39 52 65 67 78 85 94 105 112 119 126 133 139 146 153 159 165 171 177 183 189 195 201 206 212 217 222 228 233 238 244 249 254 260 265 270 276 281 
28 42 56 70 72 84 91 101 112 121 128 135 143 150 157 163 170 177 183 190 197 203 209 215 221 227 233 239 245 251 257 262 268 273 278 284 289 294 300 
30 45 60 75 77 89 96 108 120 129 137 145 153 160 167 175 182 189 196 203 209 216 223 229 236 243 249 255 261 267 273 279 285 291 297 303 309 315 321 
32 48 64 80 82 94 102 114 126 136 146 154 162 170 178 186 194 201 208 216 223 230 237 244 251 257 264 271 277 284 291 297 304 310 316 322 328 334 340 
34 51 68 85 87 99 108 121 133 144 155 164 172 181 189 197 205 213 221 229 236 244 251 258 266 273 280 287 294 301 307 314 321 327 334 341 347 354 361 
36 54 72 90 92 104 114 128 140 151 164 173 182 191 200 209 217 226 234 242 250 258 266 274 281 288 296 303 310 318 325 332 340 346 353 360 366 373 380 
38 57 76 95 97 109 120 134 146 159 173 183 192 202 211 220 229 238 246 255 264 272 280 288 296 304 312 320 327 335 342 349 357 364 371 379 386 393 401 
40 60 80 100 102 114 126 141 153 166 181 192 202 212 222 231 241 250 259 268 277 285 294 303 311 319 327 335 343 351 359 367 375 383 390 398 405 412 420 
42 63 84 105 107 119 131 148 160 174 189 202 212 223 233 243 253 262 271 281 290 299 308 317 326 334 343 352 360 368 376 384 392 400 408 416 424 432 440 
44 66 88 110 112 124 137 154 166 181 198 210 222 233 244 254 264 274 284 294 304 313 322 332 341 350 359 368 376 385 394 402 411 420 428 436 444 452 460 
46 69 92 115 117 129 143 161 173 189 205 218 232 243 255 265 276 287 297 307 317 327 337 346 356 365 374 384 393 402 411 420 428 437 446 454 463 472 480 
48 72 96 120 122 134 149 168 180 196 213 227 242 254 265 277 288 299 309 320 331 341 351 361 371 381 391 400 409 419 428 437 447 456 465 474 482 491 500 
50 75 100 125 127 139 155 173 186 204 220 235 252 264 276 288 299 311 322 333 344 354 365 376 386 396 406 416 426 436 446 455 464 474 483 492 502 511 520 
52 78 104 130 132 144 161 179 193 211 228 243 262 274 287 299 311 323 335 346 357 369 379 390 401 411 422 432 442 452 462 472 482 492 502 512 521 530 540 
54 81 108 135 137 149 166 185 200 219 235 252 271 285 298 310 323 335 347 359 371 382 393 405 416 427 437 448 459 469 480 490 500 510 520 530 540 550 560 
56 84 112 140 142 154 172 191 206 226 243 260 280 295 309 322 335 347 360 372 384 396 408 419 431 442 453 465 476 486 497 508 518 529 540 550 560 570 580 
58 87 116 145 147 159 178 197 213 234 250 268 289 305 320 333 346 360 372 385 398 410 422 434 446 458 469 480 492 503 514 526 536 547 558 568 579 590 600 
60 90 120 150 152 164 184 203 220 241 258 277 297 314 330 344 358 372 385 398 411 424 436 449 461 473 485 497 509 520 531 543 554 565 577 588 598 609 620 
62 93 124 155 157 169 190 208 226 249 265 285 306 323 341 356 370 384 398 411 424 438 450 463 476 488 501 513 525 537 549 561 572 583 595 606 617 629 640 
64 96 128 160 162 174 196 214 233 256 273 293 314 333 352 367 382 396 410 424 438 451 465 478 491 504 516 529 542 554 566 578 590 602 614 626 637 648 660 
66 99 132 165 167 179 201 220 240 264 280 302 322 342 363 378 393 408 423 437 451 465 479 492 506 519 532 545 558 570 583 596 608 620 632 644 656 668 680 
68 102 136 170 172 184 207 226 246 270 288 310 331 351 374 390 405 420 435 450 465 479 493 507 521 534 548 561 574 588 600 613 626 638 651 664 676 688 700 
70 105 140 175 177 189 213 232 253 277 295 318 339 360 384 401 417 433 448 463 478 493 507 522 536 550 564 578 591 604 618 631 644 657 669 682 695 707 720 
72 108 144 180 182 194 219 238 260 284 303 327 347 369 393 412 429 445 461 476 491 507 522 536 551 565 579 593 607 621 635 648 662 675 688 702 714 727 740 
74 111 148 185 187 199 225 243 266 290 310 335 356 378 402 423 440 457 473 489 505 520 536 551 566 581 595 610 624 638 652 666 680 693 707 720 733 747 760 
76 114 152 190 192 204 231 249 273 297 318 343 364 388 411 433 452 469 486 502 518 534 550 565 581 596 611 626 640 655 670 684 698 712 726 740 753 766 780 
78 117 156 195 197 209 236 255 280 304 325 352 372 397 421 443 464 481 498 515 532 548 564 580 596 611 627 642 657 672 686 701 716 730 744 758 772 786 800 
80 120 160 200 202 214 242 261 286 310 333 360 381 406 430 453 476 494 511 528 545 562 578 595 611 627 643 658 673 689 704 719 733 748 763 777 792 806 820 
