4 6 8 10 11 12 13 14 15 16 17 18 19 20 21 22 23 24 25 26 27 28 29 30 31 32 33 34 35 0 0 0 0 0 0 0 0 0 0 
6 9 12 15 16 18 19 21 22 24 25 27 28 30 31 32 33 34 35 36 37 38 39 40 41 42 43 44 45 0 0 0 0 0 0 0 0 0 0 
8 12 16 20 21 24 25 28 29 31 33 34 36 37 39 40 42 43 45 46 48 49 51 52 54 55 57 58 60 0 0 0 0 0 0 0 0 0 0 
10 15 20 25 26 30 31 34 36 38 40 42 44 46 48 50 52 53 55 56 58 59 61 62 64 65 67 68 70 0 0 0 0 0 0 0 0 0 0 
12 18 24 30 31 36 37 40 43 45 48 50 52 55 57 59 61 63 65 67 69 70 72 74 76 78 79 81 82 0 0 0 0 0 0 0 0 0 0 
14 21 28 35 36 42 43 46 50 52 56 58 60 63 66 68 70 72 75 77 79 81 83 85 87 89 91 93 95 0 0 0 0 0 0 0 0 0 0 
16 24 32 40 41 47 49 52 57 59 64 66 68 72 74 77 80 82 85 87 89 92 94 96 98 100 102 104 106 0 0 0 0 0 0 0 0 0 0 
18 27 36 45 46 52 55 58 64 66 72 74 76 81 83 86 90 92 94 97 100 102 105 107 110 112 114 117 119 0 0 0 0 0 0 0 0 0 0 
20 30 40 50 51 57 61 64 70 73 79 82 84 90 92 95 99 101 104 107 110 112 115 118 121 123 126 128 131 0 0 0 0 0 0 0 0 0 0 
22 33 44 55 56 62 67 70 77 80 86 89 92 98 100 104 108 111 113 117 120 123 126 129 132 134 137 140 143 0 0 0 0 0 0 0 0 0 0 
24 36 48 60 61 67 73 76 84 87 93 97 100 106 109 112 117 120 123 127 130 133 136 140 143 145 149 152 155 0 0 0 0 0 0 0 0 0 0 
26 39 52 65 66 72 79 82 91 94 100 105 108 114 118 121 126 130 133 136 140 144 147 150 154 157 160 163 167 0 0 0 0 0 0 0 0 0 0 
28 42 56 70 71 77 85 88 97 101 107 112 116 122 126 130 135 140 142 146 150 154 157 161 165 169 171 174 178 0 0 0 0 0 0 0 0 0 0 
30 45 60 75 76 82 91 94 103 108 114 119 124 130 135 139 144 150 152 156 160 164 167 171 176 179 182 186 190 0 0 0 0 0 0 0 0 0 0 
32 48 64 80 81 87 97 100 109 115 120 127 132 138 143 147 153 160 161 165 170 174 178 182 186 190 194 197 201 0 0 0 0 0 0 0 0 0 0 
34 51 68 85 86 92 103 106 115 122 127 135 140 146 151 155 162 170 171 174 180 185 189 192 196 201 205 208 213 0 0 0 0 0 0 0 0 0 0 
36 54 72 90 91 97 109 112 121 129 134 142 147 154 159 163 171 180 181 184 190 195 199 202 207 212 216 219 224 0 0 0 0 0 0 0 0 0 0 
38 57 76 95 96 102 115 118 127 136 141 149 155 162 167 172 180 190 191 194 199 204 209 213 217 222 226 231 235 0 0 0 0 0 0 0 0 0 0 
40 60 80 100 101 107 121 124 133 143 148 156 163 169 175 181 189 199 200 203 208 213 219 223 228 233 237 242 246 0 0 0 0 0 0 0 0 0 0 
42 63 84 105 106 112 127 130 139 149 155 163 170 177 183 189 198 208 210 213 217 223 229 233 238 244 248 253 258 0 0 0 0 0 0 0 0 0 0 
44 66 88 110 111 117 133 136 145 156 162 170 177 185 191 198 207 217 220 223 227 232 238 243 248 254 259 264 269 0 0 0 0 0 0 0 0 0 0 
46 69 92 115 116 122 138 142 151 163 169 177 185 193 199 206 216 226 230 232 236 242 248 253 259 264 270 275 280 0 0 0 0 0 0 0 0 0 0 
48 72 96 120 121 127 144 148 157 169 176 184 193 200 207 215 225 235 240 242 246 252 257 263 269 275 280 286 291 0 0 0 0 0 0 0 0 0 0 
50 75 100 125 126 132 150 154 163 176 183 191 200 207 215 223 234 244 250 252 256 261 267 273 279 285 291 296 302 0 0 0 0 0 0 0 0 0 0 
52 78 104 130 131 137 156 160 169 183 190 198 208 215 223 232 243 253 260 262 265 270 277 283 289 295 301 307 313 0 0 0 0 0 0 0 0 0 0 
54 81 108 135 136 142 162 166 175 190 196 206 215 222 231 240 252 262 270 272 275 280 286 293 299 305 311 317 324 0 0 0 0 0 0 0 0 0 0 
56 84 112 140 141 147 168 172 181 197 203 213 222 229 239 248 261 271 280 282 285 290 296 303 309 316 322 328 335 0 0 0 0 0 0 0 0 0 0 
58 87 116 145 146 152 173 178 187 203 210 221 229 237 247 257 270 280 290 292 295 300 305 312 319 326 331 338 345 0 0 0 0 0 0 0 0 0 0 
60 90 120 150 151 157 178 184 193 210 217 228 238 245 255 266 278 289 300 302 305 310 315 322 330 336 342 349 355 0 0 0 0 0 0 0 0 0 0 
0 0 0 0 0 0 0 0 0 0 0 0 0 0 0 0 0 0 0 0 0 0 0 0 0 0 0 0 0 0 0 0 0 0 0 0 0 0 0 
0 0 0 0 0 0 0 0 0 0 0 0 0 0 0 0 0 0 0 0 0 0 0 0 0 0 0 0 0 0 0 0 0 0 0 0 0 0 0 
0 0 0 0 0 0 0 0 0 0 0 0 0 0 0 0 0 0 0 0 0 0 0 0 0 0 0 0 0 0 0 0 0 0 0 0 0 0 0 
0 0 0 0 0 0 0 0 0 0 0 0 0 0 0 0 0 0 0 0 0 0 0 0 0 0 0 0 0 0 0 0 0 0 0 0 0 0 0 
0 0 0 0 0 0 0 0 0 0 0 0 0 0 0 0 0 0 0 0 0 0 0 0 0 0 0 0 0 0 0 0 0 0 0 0 0 0 0 
0 0 0 0 0 0 0 0 0 0 0 0 0 0 0 0 0 0 0 0 0 0 0 0 0 0 0 0 0 0 0 0 0 0 0 0 0 0 0 
0 0 0 0 0 0 0 0 0 0 0 0 0 0 0 0 0 0 0 0 0 0 0 0 0 0 0 0 0 0 0 0 0 0 0 0 0 0 0 
0 0 0 0 0 0 0 0 0 0 0 0 0 0 0 0 0 0 0 0 0 0 0 0 0 0 0 0 0 0 0 0 0 0 0 0 0 0 0 
0 0 0 0 0 0 0 0 0 0 0 0 0 0 0 0 0 0 0 0 0 0 0 0 0 0 0 0 0 0 0 0 0 0 0 0 0 0 0 
0 0 0 0 0 0 0 0 0 0 0 0 0 0 0 0 0 0 0 0 0 0 0 0 0 0 0 0 0 0 0 0 0 0 0 0 0 0 0 
