4 6 8 10 12 14 16 18 20 22 24 26 28 30 32 34 36 38 40 42 44 46 48 50 52 54 56 58 60 0 0 0 0 0 0 0 0 0 0 
0 8 10 12 14 16 18 20 22 24 26 28 30 32 34 36 38 40 42 44 46 48 50 52 54 56 58 60 62 0 0 0 0 0 0 0 0 0 0 
0 0 13 16 18 21 24 26 28 30 32 34 36 38 40 42 44 46 48 50 52 54 56 58 60 62 64 66 68 0 0 0 0 0 0 0 0 0 0 
0 0 0 20 22 25 28 30 33 36 38 41 44 46 49 52 54 57 60 62 64 66 68 70 72 74 76 78 80 0 0 0 0 0 0 0 0 0 0 
0 0 0 0 26 29 32 36 39 42 45 48 50 53 56 58 61 64 66 69 72 74 77 80 82 85 88 90 93 0 0 0 0 0 0 0 0 0 0 
0 0 0 0 0 33 37 40 44 47 50 53 56 60 63 66 69 72 75 78 81 84 87 90 92 95 98 100 103 0 0 0 0 0 0 0 0 0 0 
0 0 0 0 0 0 42 45 50 53 57 60 64 67 70 74 77 81 84 87 90 94 97 100 104 108 112 114 117 0 0 0 0 0 0 0 0 0 0 
0 0 0 0 0 0 0 49 54 59 64 67 70 73 77 81 85 89 93 96 100 103 106 109 112 116 120 123 127 0 0 0 0 0 0 0 0 0 0 
0 0 0 0 0 0 0 0 60 64 68 73 77 81 85 90 94 98 102 106 110 112 116 119 123 126 130 133 137 0 0 0 0 0 0 0 0 0 0 
0 0 0 0 0 0 0 0 0 69 74 80 84 88 92 96 101 106 111 116 121 123 127 130 133 137 141 144 148 0 0 0 0 0 0 0 0 0 0 
0 0 0 0 0 0 0 0 0 0 80 86 91 96 99 103 108 114 120 126 132 134 138 141 144 148 152 155 159 0 0 0 0 0 0 0 0 0 0 
0 0 0 0 0 0 0 0 0 0 0 92 98 104 107 110 116 119 125 131 137 140 145 148 153 156 161 165 169 0 0 0 0 0 0 0 0 0 0 
0 0 0 0 0 0 0 0 0 0 0 0 105 112 115 118 124 127 131 136 142 146 152 156 161 165 169 174 178 0 0 0 0 0 0 0 0 0 0 
0 0 0 0 0 0 0 0 0 0 0 0 0 120 123 126 132 135 139 144 148 153 159 164 169 173 178 183 188 0 0 0 0 0 0 0 0 0 0 
0 0 0 0 0 0 0 0 0 0 0 0 0 0 127 132 137 141 147 152 156 161 166 171 176 181 187 192 196 0 0 0 0 0 0 0 0 0 0 
0 0 0 0 0 0 0 0 0 0 0 0 0 0 0 138 143 149 154 159 164 169 174 179 185 190 195 200 206 0 0 0 0 0 0 0 0 0 0 
0 0 0 0 0 0 0 0 0 0 0 0 0 0 0 0 150 156 162 168 173 180 185 190 195 200 205 210 214 0 0 0 0 0 0 0 0 0 0 
0 0 0 0 0 0 0 0 0 0 0 0 0 0 0 0 0 164 170 176 182 189 194 199 204 209 214 220 225 0 0 0 0 0 0 0 0 0 0 
0 0 0 0 0 0 0 0 0 0 0 0 0 0 0 0 0 0 176 183 190 197 202 208 214 219 224 229 234 0 0 0 0 0 0 0 0 0 0 
0 0 0 0 0 0 0 0 0 0 0 0 0 0 0 0 0 0 0 190 198 205 210 218 224 229 234 239 244 0 0 0 0 0 0 0 0 0 0 
0 0 0 0 0 0 0 0 0 0 0 0 0 0 0 0 0 0 0 0 206 213 219 227 233 238 243 248 254 0 0 0 0 0 0 0 0 0 0 
0 0 0 0 0 0 0 0 0 0 0 0 0 0 0 0 0 0 0 0 0 225 230 236 242 249 254 259 264 0 0 0 0 0 0 0 0 0 0 
0 0 0 0 0 0 0 0 0 0 0 0 0 0 0 0 0 0 0 0 0 0 235 244 251 258 263 269 275 0 0 0 0 0 0 0 0 0 0 
0 0 0 0 0 0 0 0 0 0 0 0 0 0 0 0 0 0 0 0 0 0 0 252 260 268 273 279 284 0 0 0 0 0 0 0 0 0 0 
0 0 0 0 0 0 0 0 0 0 0 0 0 0 0 0 0 0 0 0 0 0 0 0 268 276 282 288 294 0 0 0 0 0 0 0 0 0 0 
0 0 0 0 0 0 0 0 0 0 0 0 0 0 0 0 0 0 0 0 0 0 0 0 0 285 291 297 303 0 0 0 0 0 0 0 0 0 0 
0 0 0 0 0 0 0 0 0 0 0 0 0 0 0 0 0 0 0 0 0 0 0 0 0 0 298 305 311 0 0 0 0 0 0 0 0 0 0 
0 0 0 0 0 0 0 0 0 0 0 0 0 0 0 0 0 0 0 0 0 0 0 0 0 0 0 313 320 0 0 0 0 0 0 0 0 0 0 
0 0 0 0 0 0 0 0 0 0 0 0 0 0 0 0 0 0 0 0 0 0 0 0 0 0 0 0 327 0 0 0 0 0 0 0 0 0 0 
0 0 0 0 0 0 0 0 0 0 0 0 0 0 0 0 0 0 0 0 0 0 0 0 0 0 0 0 0 0 0 0 0 0 0 0 0 0 0 
0 0 0 0 0 0 0 0 0 0 0 0 0 0 0 0 0 0 0 0 0 0 0 0 0 0 0 0 0 0 0 0 0 0 0 0 0 0 0 
0 0 0 0 0 0 0 0 0 0 0 0 0 0 0 0 0 0 0 0 0 0 0 0 0 0 0 0 0 0 0 0 0 0 0 0 0 0 0 
0 0 0 0 0 0 0 0 0 0 0 0 0 0 0 0 0 0 0 0 0 0 0 0 0 0 0 0 0 0 0 0 0 0 0 0 0 0 0 
0 0 0 0 0 0 0 0 0 0 0 0 0 0 0 0 0 0 0 0 0 0 0 0 0 0 0 0 0 0 0 0 0 0 0 0 0 0 0 
0 0 0 0 0 0 0 0 0 0 0 0 0 0 0 0 0 0 0 0 0 0 0 0 0 0 0 0 0 0 0 0 0 0 0 0 0 0 0 
0 0 0 0 0 0 0 0 0 0 0 0 0 0 0 0 0 0 0 0 0 0 0 0 0 0 0 0 0 0 0 0 0 0 0 0 0 0 0 
0 0 0 0 0 0 0 0 0 0 0 0 0 0 0 0 0 0 0 0 0 0 0 0 0 0 0 0 0 0 0 0 0 0 0 0 0 0 0 
0 0 0 0 0 0 0 0 0 0 0 0 0 0 0 0 0 0 0 0 0 0 0 0 0 0 0 0 0 0 0 0 0 0 0 0 0 0 0 
0 0 0 0 0 0 0 0 0 0 0 0 0 0 0 0 0 0 0 0 0 0 0 0 0 0 0 0 0 0 0 0 0 0 0 0 0 0 0 
