0 0 0 0 0 0 0 0 0 0 0 0 0 0 0 0 0 0 0 0 0 0 0 0 0 0 0 0 0 0 0 0 0 0 0 0 0 0 0 
0 9 12 14 16 18 20 22 24 26 28 30 32 34 36 38 40 42 44 46 48 50 52 54 56 58 60 62 64 0 0 0 0 0 0 0 0 0 0 
0 12 16 18 21 24 26 29 32 34 37 40 42 45 48 50 52 54 56 58 60 62 64 66 68 70 72 74 76 0 0 0 0 0 0 0 0 0 0 
0 15 20 22 26 30 32 36 40 42 45 48 50 53 56 58 61 64 66 69 72 74 77 80 82 85 88 90 93 0 0 0 0 0 0 0 0 0 0 
0 18 24 26 31 36 38 42 46 49 53 56 59 63 66 69 72 75 78 81 84 87 90 93 96 98 101 104 106 0 0 0 0 0 0 0 0 0 0 
0 21 28 30 36 42 44 48 52 57 61 65 68 72 76 80 82 86 90 92 95 99 102 106 110 112 116 120 122 0 0 0 0 0 0 0 0 0 0 
0 24 32 34 40 46 50 54 59 64 68 72 76 80 84 89 93 96 100 104 108 112 115 119 122 126 129 133 136 0 0 0 0 0 0 0 0 0 0 
0 27 36 38 45 51 56 60 66 71 76 81 85 89 94 99 102 107 111 115 120 123 127 131 135 139 142 146 150 0 0 0 0 0 0 0 0 0 0 
0 30 40 42 50 56 62 66 72 78 84 90 94 98 104 108 112 118 123 127 133 136 141 145 149 153 156 160 164 0 0 0 0 0 0 0 0 0 0 
0 33 44 46 55 61 68 72 79 85 92 99 103 108 112 117 122 127 133 138 144 148 154 157 163 166 171 174 178 0 0 0 0 0 0 0 0 0 0 
0 36 48 50 60 66 73 78 86 92 100 108 112 117 121 127 132 138 144 150 156 161 168 171 176 180 184 188 192 0 0 0 0 0 0 0 0 0 0 
0 39 52 54 64 70 79 84 93 99 108 117 121 126 130 136 142 148 154 160 165 171 178 182 188 194 198 203 208 0 0 0 0 0 0 0 0 0 0 
0 42 56 58 68 75 84 90 98 105 114 123 127 135 140 145 152 158 164 170 177 182 188 194 201 208 212 218 223 0 0 0 0 0 0 0 0 0 0 
0 45 60 62 72 80 90 96 105 112 121 129 135 144 150 154 162 169 175 181 188 194 200 206 215 222 227 232 237 0 0 0 0 0 0 0 0 0 0 
0 48 64 66 76 85 96 102 112 118 128 136 143 152 158 164 172 180 186 192 200 206 213 219 226 234 242 247 253 0 0 0 0 0 0 0 0 0 0 
0 51 68 70 80 90 101 108 118 125 134 143 151 160 166 173 180 189 196 203 210 217 224 232 240 250 256 262 269 0 0 0 0 0 0 0 0 0 0 
0 54 72 74 84 94 106 114 124 132 141 150 159 168 174 181 189 198 205 213 220 228 235 244 252 262 270 277 284 0 0 0 0 0 0 0 0 0 0 
0 57 76 78 88 99 111 120 130 138 148 158 167 176 183 190 198 206 214 222 230 239 247 256 264 274 282 290 299 0 0 0 0 0 0 0 0 0 0 
0 60 80 82 92 104 116 126 136 145 155 166 175 184 192 200 207 214 223 232 240 249 259 267 274 286 295 303 313 0 0 0 0 0 0 0 0 0 0 
0 63 84 86 96 109 121 131 141 151 162 174 183 192 201 210 216 223 232 242 251 261 270 279 287 298 308 316 328 0 0 0 0 0 0 0 0 0 0 
0 66 88 90 100 114 126 136 147 158 168 180 190 200 210 220 225 232 241 252 261 272 281 291 300 309 319 329 345 0 0 0 0 0 0 0 0 0 0 
0 69 92 94 104 118 131 142 153 165 175 187 197 208 219 230 234 242 250 262 271 282 292 303 312 322 333 344 360 0 0 0 0 0 0 0 0 0 0 
0 72 96 98 108 123 136 147 159 172 181 193 204 216 228 240 244 252 260 271 281 292 303 314 324 335 346 358 375 0 0 0 0 0 0 0 0 0 0 
0 75 100 102 112 128 141 153 164 178 188 200 211 222 235 248 253 261 270 280 291 302 314 326 336 348 359 376 390 0 0 0 0 0 0 0 0 0 0 
0 78 104 106 116 133 146 158 170 184 195 207 218 232 243 256 262 271 279 289 301 313 325 338 349 360 373 387 405 0 0 0 0 0 0 0 0 0 0 
0 81 108 110 120 138 151 164 176 191 202 213 225 239 251 262 271 280 288 298 311 324 336 349 361 373 386 398 420 0 0 0 0 0 0 0 0 0 0 
0 84 112 114 124 142 156 169 182 198 209 220 232 247 258 270 280 289 297 307 320 333 347 360 373 385 399 412 435 0 0 0 0 0 0 0 0 0 0 
0 87 116 118 128 147 161 175 188 205 216 227 239 254 265 278 288 298 306 316 330 344 358 371 385 397 412 425 450 0 0 0 0 0 0 0 0 0 0 
0 90 120 122 132 152 166 180 193 211 222 234 246 261 273 286 296 306 315 325 339 353 369 382 396 409 424 438 465 0 0 0 0 0 0 0 0 0 0 
0 0 0 0 0 0 0 0 0 0 0 0 0 0 0 0 0 0 0 0 0 0 0 0 0 0 0 0 0 0 0 0 0 0 0 0 0 0 0 
0 0 0 0 0 0 0 0 0 0 0 0 0 0 0 0 0 0 0 0 0 0 0 0 0 0 0 0 0 0 0 0 0 0 0 0 0 0 0 
0 0 0 0 0 0 0 0 0 0 0 0 0 0 0 0 0 0 0 0 0 0 0 0 0 0 0 0 0 0 0 0 0 0 0 0 0 0 0 
0 0 0 0 0 0 0 0 0 0 0 0 0 0 0 0 0 0 0 0 0 0 0 0 0 0 0 0 0 0 0 0 0 0 0 0 0 0 0 
0 0 0 0 0 0 0 0 0 0 0 0 0 0 0 0 0 0 0 0 0 0 0 0 0 0 0 0 0 0 0 0 0 0 0 0 0 0 0 
0 0 0 0 0 0 0 0 0 0 0 0 0 0 0 0 0 0 0 0 0 0 0 0 0 0 0 0 0 0 0 0 0 0 0 0 0 0 0 
0 0 0 0 0 0 0 0 0 0 0 0 0 0 0 0 0 0 0 0 0 0 0 0 0 0 0 0 0 0 0 0 0 0 0 0 0 0 0 
0 0 0 0 0 0 0 0 0 0 0 0 0 0 0 0 0 0 0 0 0 0 0 0 0 0 0 0 0 0 0 0 0 0 0 0 0 0 0 
0 0 0 0 0 0 0 0 0 0 0 0 0 0 0 0 0 0 0 0 0 0 0 0 0 0 0 0 0 0 0 0 0 0 0 0 0 0 0 
0 0 0 0 0 0 0 0 0 0 0 0 0 0 0 0 0 0 0 0 0 0 0 0 0 0 0 0 0 0 0 0 0 0 0 0 0 0 0 
